#Internal surface pipe flaw,  oriented circumferentially
#ROWS=   4
#COLS=   5
#theta= 0.0  deg,  radians =  0
#Bori=  0.10     B/ri  B=thick  ri=internalRadius
# iaoc iaob a/c a/B  Mm   Mb
  1   1  0.1  0.0  .384 .384
  1   2  0.1  0.2  .482 .487
  1   3  0.1  0.4  .700 .498
  1   4  0.1  0.6  .981 .525
  1   5  0.1  0.8 1.363 .570

  2   1  0.2  0.0  .521 .521
  2   2  0.2  0.2  .617 .623
  2   3  0.2  0.4  .835 .591
  2   4  0.2  0.6 1.048 .556
  2   5  0.2  0.8 1.255 .519
 
  3   1  0.5  0.0  .697 .697
  3   2  0.5  0.2  .731 .628
  3   3  0.5  0.4  .801 .563
  3   4  0.5  0.6  .889 .502
  3   5  0.5  0.8  .993 .445

  4   1  1.0  0.0  .729 .729
  4   2  1.0  0.2  .681 .623
  4   3  1.0  0.4  .706 .528
  4   4  1.0  0.6  .733 .431
  4   5  1.0  0.8  .764 .332


