#MAX=  0.2558594E+03                                                            
#MIN= -0.1308594E+03                                                            
#rain2-64bin    255.      -128.                                                 
#BEGIN                                                                          
    304.        24.3             1    176.       -128.    
    376.        60.7             1    249.       -128.    
    176.        88.0             1    176.      -0.334E-05
    128.        88.0             2    152.        24.3    
    121.        97.1             2    158.        36.4    
    0.00        0.00             0    0.00        0.00    
#THE TOTAL CYCLES ARE     7
