# getMmMb vers. 0.4 starts...
#ROWS=   51
#COLS=   11
#theta=  0.1570796E+01   #radians =  90.00 deg.
#iaoc iaob a/c a/B         Mm          Mb
  1  1 0.0002  0.00  0.1129981E+01  0.1129981E+01
#  1  1 0.0002  0.00  0.1129981E+01  0.1129981E+01  0.1129982E+01  0.3905554E+01  0.1289497E+02  0.1000000E+01  0.1000000E+01  0.1000001E+01
  1  2 0.0002  0.10  0.1170326E+01  0.1033960E+01
#  1  2 0.0002  0.10  0.1170326E+01  0.1033960E+01  0.1129982E+01  0.3905554E+01  0.1289497E+02  0.1000000E+01  0.1000000E+01  0.1000001E+01
  1  3 0.0002  0.20  0.1306835E+01  0.1016619E+01
#  1  3 0.0002  0.20  0.1306835E+01  0.1016619E+01  0.1129982E+01  0.3905554E+01  0.1289497E+02  0.1000000E+01  0.1000000E+01  0.1000001E+01
  1  4 0.0002  0.30  0.1585930E+01  0.1083720E+01
#  1  4 0.0002  0.30  0.1585930E+01  0.1083720E+01  0.1129982E+01  0.3905554E+01  0.1289497E+02  0.1000000E+01  0.1000000E+01  0.1000001E+01
  1  5 0.0002  0.40  0.2084981E+01  0.1250380E+01
#  1  5 0.0002  0.40  0.2084981E+01  0.1250380E+01  0.1129982E+01  0.3905554E+01  0.1289497E+02  0.1000000E+01  0.1000000E+01  0.1000001E+01
  1  6 0.0002  0.50  0.2912304E+01  0.1534921E+01
#  1  6 0.0002  0.50  0.2912304E+01  0.1534921E+01  0.1129982E+01  0.3905554E+01  0.1289497E+02  0.1000000E+01  0.1000000E+01  0.1000001E+01
  1  7 0.0002  0.60  0.4207167E+01  0.1957807E+01
#  1  7 0.0002  0.60  0.4207167E+01  0.1957807E+01  0.1129982E+01  0.3905554E+01  0.1289497E+02  0.1000000E+01  0.1000000E+01  0.1000001E+01
  1  8 0.0002  0.70  0.6139782E+01  0.2545668E+01
#  1  8 0.0002  0.70  0.6139782E+01  0.2545668E+01  0.1129982E+01  0.3905554E+01  0.1289497E+02  0.1000000E+01  0.1000000E+01  0.1000001E+01
  1  9 0.0002  0.80  0.8911312E+01  0.3340419E+01
#  1  9 0.0002  0.80  0.8911312E+01  0.3340419E+01  0.1129982E+01  0.3905554E+01  0.1289497E+02  0.1000000E+01  0.1000000E+01  0.1000001E+01
  1 10 0.0002  0.90  0.1275387E+02  0.4413464E+01
#  1 10 0.0002  0.90  0.1275387E+02  0.4413464E+01  0.1129982E+01  0.3905554E+01  0.1289497E+02  0.1000000E+01  0.1000000E+01  0.1000001E+01
  1 11 0.0002  1.00  0.1793050E+02  0.5884995E+01
#  1 11 0.0002  1.00  0.1793050E+02  0.5884995E+01  0.1129982E+01  0.3905554E+01  0.1289497E+02  0.1000000E+01  0.1000000E+01  0.1000001E+01

  2  1 0.0402  0.00  0.1122301E+01  0.1122301E+01
  2  2 0.0402  0.10  0.1154265E+01  0.1018192E+01
  2  3 0.0402  0.20  0.1255276E+01  0.9708506E+00
  2  4 0.0402  0.30  0.1440689E+01  0.9708942E+00
  2  5 0.0402  0.40  0.1736094E+01  0.1013174E+01
  2  6 0.0402  0.50  0.2177320E+01  0.1094034E+01
  2  7 0.0402  0.60  0.2810431E+01  0.1209984E+01
  2  8 0.0402  0.70  0.3691727E+01  0.1357775E+01
  2  9 0.0402  0.80  0.4887746E+01  0.1535898E+01
  2 10 0.0402  0.90  0.6475261E+01  0.1747483E+01
  2 11 0.0402  1.00  0.8541284E+01  0.2004616E+01

  3  1 0.0802  0.00  0.1110211E+01  0.1110211E+01
  3  2 0.0802  0.10  0.1136380E+01  0.1001221E+01
  3  3 0.0802  0.20  0.1216086E+01  0.9365960E+00
  3  4 0.0802  0.30  0.1352937E+01  0.9028580E+00
  3  5 0.0802  0.40  0.1552944E+01  0.8891221E+00
  3  6 0.0802  0.50  0.1824522E+01  0.8863460E+00
  3  7 0.0802  0.60  0.2178491E+01  0.8868670E+00
  3  8 0.0802  0.70  0.2628074E+01  0.8842301E+00
  3  9 0.0802  0.80  0.3188901E+01  0.8733064E+00
  3 10 0.0802  0.90  0.3879003E+01  0.8507019E+00
  3 11 0.0802  1.00  0.4718819E+01  0.8154562E+00

  4  1 0.1202  0.00  0.1095134E+01  0.1095134E+01
  4  2 0.1202  0.10  0.1117033E+01  0.9831120E+00
  4  3 0.1202  0.20  0.1182554E+01  0.9074028E+00
  4  4 0.1202  0.30  0.1291165E+01  0.8542919E+00
  4  5 0.1202  0.40  0.1441981E+01  0.8119346E+00
  4  6 0.1202  0.50  0.1633765E+01  0.7704800E+00
  4  7 0.1202  0.60  0.1864923E+01  0.7221573E+00
  4  8 0.1202  0.70  0.2133508E+01  0.6613245E+00
  4  9 0.1202  0.80  0.2437221E+01  0.5844795E+00
  4 10 0.1202  0.90  0.2773406E+01  0.4902332E+00
  4 11 0.1202  1.00  0.3139055E+01  0.3792455E+00

  5  1 0.1602  0.00  0.1077807E+01  0.1077807E+01
  5  2 0.1602  0.10  0.1096412E+01  0.9639871E+00
  5  3 0.1602  0.20  0.1151619E+01  0.8806722E+00
  5  4 0.1602  0.30  0.1241613E+01  0.8151383E+00
  5  5 0.1602  0.40  0.1363365E+01  0.7561107E+00
  5  6 0.1602  0.50  0.1512639E+01  0.6942286E+00
  5  7 0.1602  0.60  0.1683984E+01  0.6223965E+00
  5  8 0.1602  0.70  0.1870739E+01  0.5360204E+00
  5  9 0.1602  0.80  0.2065035E+01  0.4331300E+00
  5 10 0.1602  0.90  0.2257787E+01  0.3143873E+00
  5 11 0.1602  1.00  0.2438704E+01  0.1829808E+00

  6  1 0.2002  0.00  0.1058777E+01  0.1058777E+01
  6  2 0.2002  0.10  0.1074752E+01  0.9440362E+00
  6  3 0.2002  0.20  0.1121979E+01  0.8552949E+00
  6  4 0.2002  0.30  0.1198367E+01  0.7810941E+00
  6  5 0.2002  0.40  0.1300427E+01  0.7111323E+00
  6  6 0.2002  0.50  0.1423277E+01  0.6368434E+00
  6  7 0.2002  0.60  0.1560639E+01  0.5518559E+00
  6  8 0.2002  0.70  0.1704841E+01  0.4523385E+00
  6  9 0.2002  0.80  0.1846814E+01  0.3372281E+00
  6 10 0.2002  0.90  0.1976096E+01  0.2083411E+00
  6 11 0.2002  1.00  0.2080829E+01  0.7037011E-01

  7  1 0.2402  0.00  0.1038482E+01  0.1038482E+01
  7  2 0.2402  0.10  0.1052309E+01  0.9234726E+00
  7  3 0.2402  0.20  0.1093110E+01  0.8308052E+00
  7  4 0.2402  0.30  0.1158849E+01  0.7502488E+00
  7  5 0.2402  0.40  0.1246128E+01  0.6725116E+00
  7  6 0.2402  0.50  0.1350192E+01  0.5898380E+00
  7  7 0.2402  0.60  0.1464929E+01  0.4965080E+00
  7  8 0.2402  0.70  0.1582866E+01  0.3892364E+00
  7  9 0.2402  0.80  0.1695173E+01  0.2674706E+00
  7 10 0.2402  0.90  0.1791660E+01  0.1335910E+00
  7 11 0.2402  1.00  0.1860780E+01 -0.6990841E-02

  8  1 0.2802  0.00  0.1017286E+01  0.1017286E+01
  8  2 0.2802  0.10  0.1029327E+01  0.9025044E+00
  8  3 0.2802  0.20  0.1064821E+01  0.8070157E+00
  8  4 0.2802  0.30  0.1121880E+01  0.7216968E+00
  8  5 0.2802  0.40  0.1197354E+01  0.6381936E+00
  8  6 0.2802  0.50  0.1286838E+01  0.5495061E+00
  8  7 0.2802  0.60  0.1384664E+01  0.4504926E+00
  8  8 0.2802  0.70  0.1483906E+01  0.3382934E+00
  8  9 0.2802  0.80  0.1576381E+01  0.2126726E+00
  8 10 0.2802  0.90  0.1652643E+01  0.7627888E-01
  8 11 0.2802  1.00  0.1701990E+01 -0.6517603E-01

  9  1 0.3202  0.00  0.9954926E+00  0.9954926E+00
  9  2 0.3202  0.10  0.1006030E+01  0.8813220E+00
  9  3 0.3202  0.20  0.1037067E+01  0.7838605E+00
  9  4 0.3202  0.30  0.1086881E+01  0.6949648E+00
  9  5 0.3202  0.40  0.1152601E+01  0.6071263E+00
  9  6 0.3202  0.50  0.1230207E+01  0.5140311E+00
  9  7 0.3202  0.60  0.1314530E+01  0.4110562E+00
  9  8 0.3202  0.70  0.1399252E+01  0.2957002E+00
  9  9 0.3202  0.80  0.1476908E+01  0.1679493E+00
  9 10 0.3202  0.90  0.1538884E+01  0.3057843E-01
  9 11 0.3202  1.00  0.1575417E+01 -0.1106123E+00

 10  1 0.3602  0.00  0.9733555E+00  0.9733555E+00
 10  2 0.3602  0.10  0.9826123E+00  0.8600920E+00
 10  3 0.3602  0.20  0.1009862E+01  0.7613261E+00
 10  4 0.3602  0.30  0.1053541E+01  0.6697772E+00
 10  5 0.3602  0.40  0.1111044E+01  0.5786932E+00
 10  6 0.3602  0.50  0.1178725E+01  0.4823806E+00
 10  7 0.3602  0.60  0.1251894E+01  0.3766842E+00
 10  8 0.3602  0.70  0.1324820E+01  0.2594154E+00
 10  9 0.3602  0.80  0.1390730E+01  0.1307289E+00
 10 10 0.3602  0.90  0.1441808E+01 -0.6550573E-02
 10 11 0.3602  1.00  0.1469198E+01 -0.1466534E+00

 11  1 0.4002  0.00  0.9510834E+00  0.9510834E+00
 11  2 0.4002  0.10  0.9592409E+00  0.8389562E+00
 11  3 0.4002  0.20  0.9832417E+00  0.7394195E+00
 11  4 0.4002  0.30  0.1021671E+01  0.6459547E+00
 11  5 0.4002  0.40  0.1072170E+01  0.5524867E+00
 11  6 0.4002  0.50  0.1131437E+01  0.4538824E+00
 11  7 0.4002  0.60  0.1195227E+01  0.3464091E+00
 11  8 0.4002  0.70  0.1258351E+01  0.2281539E+00
 11  9 0.4002  0.80  0.1314677E+01  0.9940287E-01
 11 10 0.4002  0.90  0.1357130E+01 -0.3702021E-01
 11 11 0.4002  1.00  0.1377692E+01 -0.1754535E+00

 12  1 0.4402  0.00  0.9288471E+00  0.9288471E+00
 12  2 0.4402  0.10  0.9360539E+00  0.8180323E+00
 12  3 0.4402  0.20  0.9572479E+00  0.7181542E+00
 12  4 0.4402  0.30  0.9911495E+00  0.6233702E+00
 12  5 0.4402  0.40  0.1035626E+01  0.5282124E+00
 12  6 0.4402  0.50  0.1087692E+01  0.4280536E+00
 12  7 0.4402  0.60  0.1143508E+01  0.3195429E+00
 12  8 0.4402  0.70  0.1198384E+01  0.2010110E+00
 12  9 0.4402  0.80  0.1246773E+01  0.7284348E-01
 12 10 0.4402  0.90  0.1282279E+01 -0.6217431E-01
 12 11 0.4402  1.00  0.1297649E+01 -0.1985455E+00

 13  1 0.4802  0.00  0.9067849E+00  0.9067849E+00
 13  2 0.4802  0.10  0.9131645E+00  0.7974160E+00
 13  3 0.4802  0.20  0.9319179E+00  0.6975436E+00
 13  4 0.4802  0.30  0.9618893E+00  0.6019271E+00
 13  5 0.4802  0.40  0.1001152E+01  0.5056445E+00
 13  6 0.4802  0.50  0.1047010E+01  0.4045261E+00
 13  7 0.4802  0.60  0.1095995E+01  0.2955654E+00
 13  8 0.4802  0.70  0.1143869E+01  0.1773069E+00
 13  9 0.4802  0.80  0.1185623E+01  0.5020987E-01
 13 10 0.4802  0.90  0.1215479E+01 -0.8301043E-01
 13 11 0.4802  1.00  0.1226886E+01 -0.2170654E+00

 14  1 0.5202  0.00  0.8850070E+00  0.8850070E+00
 14  2 0.5202  0.10  0.8906628E+00  0.7771830E+00
 14  3 0.5202  0.20  0.9072824E+00  0.6775971E+00
 14  4 0.5202  0.30  0.9338231E+00  0.5815471E+00
 14  5 0.5202  0.40  0.9685467E+00  0.4846025E+00
 14  6 0.5202  0.50  0.1009020E+01  0.3830078E+00
 14  7 0.5202  0.60  0.1052114E+01  0.2740671E+00
 14  8 0.5202  0.70  0.1094005E+01  0.1565120E+00
 14  9 0.5202  0.80  0.1130174E+01  0.3085207E-01
 14 10 0.5202  0.90  0.1155407E+01 -0.1002924E+00
 14 11 0.5202  1.00  0.1163793E+01 -0.2318743E+00

 15  1 0.5602  0.00  0.8635994E+00  0.8635994E+00
 15  2 0.5602  0.10  0.8686189E+00  0.7573916E+00
 15  3 0.5602  0.20  0.8833641E+00  0.6583198E+00
 15  4 0.5602  0.30  0.9068953E+00  0.5621640E+00
 15  5 0.5602  0.40  0.9376463E+00  0.4649381E+00
 15  6 0.5602  0.50  0.9734244E+00  0.3632615E+00
 15  7 0.5602  0.60  0.1011411E+01  0.2547182E+00
 15  8 0.5602  0.70  0.1048160E+01  0.1382035E+00
 15  9 0.5602  0.80  0.1079599E+01  0.1425674E-01
 15 10 0.5602  0.90  0.1101030E+01 -0.1146161E+00
 15 11 0.5602  1.00  0.1107129E+01 -0.2436350E+00

 16  1 0.6002  0.00  0.8426282E+00  0.8426282E+00
 16  2 0.6002  0.10  0.8470860E+00  0.7380856E+00
 16  3 0.6002  0.20  0.8601773E+00  0.6397114E+00
 16  4 0.6002  0.30  0.8810570E+00  0.5437197E+00
 16  5 0.6002  0.40  0.9083158E+00  0.4465263E+00
 16  6 0.6002  0.50  0.9399812E+00  0.3450907E+00
 16  7 0.6002  0.60  0.9735169E+00  0.2372489E+00
 16  8 0.6002  0.70  0.1005823E+01  0.1220384E+00
 16  9 0.6002  0.80  0.1033237E+01  0.1207080E-04
 16 10 0.6002  0.90  0.1051530E+01 -0.1264544E+00
 16 11 0.6002  1.00  0.1055912E+01 -0.2528654E+00

 17  1 0.6402  0.00  0.8221424E+00  0.8221424E+00
 17  2 0.6402  0.10  0.8261023E+00  0.7192957E+00
 17  3 0.6402  0.20  0.8377290E+00  0.6217671E+00
 17  4 0.6402  0.30  0.8562633E+00  0.5261618E+00
 17  5 0.6402  0.40  0.8804398E+00  0.4292599E+00
 17  6 0.6402  0.50  0.9084871E+00  0.3283295E+00
 17  7 0.6402  0.60  0.9381276E+00  0.2214342E+00
 17  8 0.6402  0.70  0.9665778E+00  0.1077343E+00
 17  9 0.6402  0.80  0.9905477E+00 -0.1221758E-01
 17 10 0.6402  0.90  0.1006241E+01 -0.1361875E+00
 17 11 0.6402  1.00  0.1009357E+01 -0.2599762E+00

 18  1 0.6802  0.00  0.8021772E+00  0.8021772E+00
 18  2 0.6802  0.10  0.8056944E+00  0.7010426E+00
 18  3 0.6802  0.20  0.8160193E+00  0.6044778E+00
 18  4 0.6802  0.30  0.8324715E+00  0.5094417E+00
 18  5 0.6802  0.40  0.8539174E+00  0.4130450E+00
 18  6 0.6802  0.50  0.8787696E+00  0.3128365E+00
 18  7 0.6802  0.60  0.9049873E+00  0.2070845E+00
 18  8 0.6802  0.70  0.9300762E+00  0.9505603E-01
 18  9 0.6802  0.80  0.9510884E+00 -0.2270876E-01
 18 10 0.6802  0.90  0.9646225E+00 -0.1441253E+00
 18 11 0.6802  1.00  0.9668238E+00 -0.2652975E+00

 19  1 0.7202  0.00  0.7827561E+00  0.7827561E+00
 19  2 0.7202  0.10  0.7858784E+00  0.6833381E+00
 19  3 0.7202  0.20  0.7950426E+00  0.5878311E+00
 19  4 0.7202  0.30  0.8096407E+00  0.4935142E+00
 19  5 0.7202  0.40  0.8286594E+00  0.3977993E+00
 19  6 0.7202  0.50  0.8506801E+00  0.2984897E+00
 19  7 0.7202  0.60  0.8738787E+00  0.1940389E+00
 19  8 0.7202  0.70  0.8960261E+00  0.8380585E-01
 19  9 0.7202  0.80  0.9144876E+00 -0.3169106E-01
 19 10 0.7202  0.90  0.9262233E+00 -0.1505222E+00
 19 11 0.7202  1.00  0.9277878E+00 -0.2690970E+00

 20  1 0.7602  0.00  0.7638936E+00  0.7638936E+00
 20  2 0.7602  0.10  0.7666625E+00  0.6661871E+00
 20  3 0.7602  0.20  0.7747888E+00  0.5718116E+00
 20  4 0.7602  0.30  0.7877306E+00  0.4783369E+00
 20  5 0.7602  0.40  0.8045851E+00  0.3834488E+00
 20  6 0.7602  0.50  0.8240883E+00  0.2851828E+00
 20  7 0.7602  0.60  0.8446151E+00  0.1821591E+00
 20  8 0.7602  0.70  0.8641791E+00  0.7381587E-01
 20  9 0.7602  0.80  0.8804328E+00 -0.3935779E-01
 20 10 0.7602  0.90  0.8906677E+00 -0.1555901E+00
 20 11 0.7602  1.00  0.8918141E+00 -0.2715949E+00

 21  1 0.8002  0.00  0.7455962E+00  0.7455962E+00
 21  2 0.8002  0.10  0.7480482E+00  0.6495888E+00
 21  3 0.8002  0.20  0.7552438E+00  0.5564017E+00
 21  4 0.8002  0.30  0.7667020E+00  0.4638695E+00
 21  5 0.8002  0.40  0.7816214E+00  0.3699273E+00
 21  6 0.8002  0.50  0.7988797E+00  0.2728223E+00
 21  7 0.8002  0.60  0.8170344E+00  0.1713252E+00
 21  8 0.8002  0.70  0.8343219E+00  0.6494240E-01
 21  9 0.8002  0.80  0.8486581E+00 -0.4587252E-01
 21 10 0.8002  0.90  0.8576387E+00 -0.1595063E+00
 21 11 0.8002  1.00  0.8585383E+00 -0.2729738E+00

 22  1 0.8402  0.00  0.7278647E+00  0.7278647E+00
 22  2 0.8402  0.10  0.7300316E+00  0.6335380E+00
 22  3 0.8402  0.20  0.7363906E+00  0.5415826E+00
 22  4 0.8402  0.30  0.7465165E+00  0.4500738E+00
 22  5 0.8402  0.40  0.7597010E+00  0.3571749E+00
 22  6 0.8402  0.50  0.7749521E+00  0.2613258E+00
 22  7 0.8402  0.60  0.7909945E+00  0.1614334E+00
 22  8 0.8402  0.70  0.8062696E+00  0.5706207E-01
 22  9 0.8402  0.80  0.8189353E+00 -0.5137432E-01
 22 10 0.8402  0.90  0.8268663E+00 -0.1624204E+00
 22 11 0.8402  1.00  0.8276536E+00 -0.2733859E+00

 23  1 0.8802  0.00  0.7106950E+00  0.7106950E+00
 23  2 0.8802  0.10  0.7126049E+00  0.6180260E+00
 23  3 0.8802  0.20  0.7182101E+00  0.5273339E+00
 23  4 0.8802  0.30  0.7271367E+00  0.4369137E+00
 23  5 0.8802  0.40  0.7387618E+00  0.3451371E+00
 23  6 0.8802  0.50  0.7522134E+00  0.2506199E+00
 23  7 0.8802  0.60  0.7663699E+00  0.1523920E+00
 23  8 0.8802  0.70  0.7798610E+00  0.5006772E-01
 23  9 0.8802  0.80  0.7910671E+00 -0.5598256E-01
 23 10 0.8802  0.90  0.7981191E+00 -0.1644593E+00
 23 11 0.8802  1.00  0.7988991E+00 -0.2729596E+00

 24  1 0.9202  0.00  0.6940793E+00  0.6940793E+00
 24  2 0.9202  0.10  0.6957570E+00  0.6030414E+00
 24  3 0.9202  0.20  0.7006815E+00  0.5136346E+00
 24  4 0.9202  0.30  0.7085261E+00  0.4243548E+00
 24  5 0.9202  0.40  0.7187466E+00  0.3337640E+00
 24  6 0.9202  0.50  0.7305809E+00  0.2406391E+00
 24  7 0.9202  0.60  0.7430494E+00  0.1441209E+00
 24  8 0.9202  0.70  0.7549548E+00  0.4386619E-01
 24  9 0.9202  0.80  0.7648817E+00 -0.5980042E-01
 24 10 0.9202  0.90  0.7711974E+00 -0.1657319E+00
 24 11 0.9202  1.00  0.7720514E+00 -0.2718040E+00

 25  1 0.9602  0.00  0.6780068E+00  0.6780068E+00
 25  2 0.9602  0.10  0.6794744E+00  0.5885708E+00
 25  3 0.9602  0.20  0.6837830E+00  0.5004635E+00
 25  4 0.9602  0.30  0.6906494E+00  0.4123645E+00
 25  5 0.9602  0.40  0.6996018E+00  0.3230104E+00
 25  6 0.9602  0.50  0.7099795E+00  0.2313247E+00
 25  7 0.9602  0.60  0.7209334E+00  0.1365491E+00
 25  8 0.9602  0.70  0.7314255E+00  0.3837604E-01
 25  9 0.9602  0.80  0.7402287E+00 -0.6291687E-01
 25 10 0.9602  0.90  0.7459278E+00 -0.1663314E+00
 25 11 0.9602  1.00  0.7469184E+00 -0.2700118E+00

 26  1 1.0002  0.00  0.6624686E+00  0.6624686E+00
 26  2 1.0002  0.10  0.6637347E+00  0.5745854E+00
 26  3 1.0002  0.20  0.6674490E+00  0.4877529E+00
 26  4 1.0002  0.30  0.6733593E+00  0.4008237E+00
 26  5 1.0002  0.40  0.6810457E+00  0.3127014E+00
 26  6 1.0002  0.50  0.6899198E+00  0.2224574E+00
 26  7 1.0002  0.60  0.6992255E+00  0.1294486E+00
 26  8 1.0002  0.70  0.7080385E+00  0.3343678E-01
 26  9 1.0002  0.80  0.7152665E+00 -0.6529023E-01
 26 10 1.0002  0.90  0.7196491E+00 -0.1657965E+00
 26 11 1.0002  1.00  0.7197580E+00 -0.2663739E+00

 27  1 1.0402  0.00  0.6482302E+00  0.6482302E+00
 27  2 1.0402  0.10  0.6493118E+00  0.5602610E+00
 27  3 1.0402  0.20  0.6524848E+00  0.4732902E+00
 27  4 1.0402  0.30  0.6575339E+00  0.3863254E+00
 27  5 1.0402  0.40  0.6641002E+00  0.2984244E+00
 27  6 1.0402  0.50  0.6716812E+00  0.2087953E+00
 27  7 1.0402  0.60  0.6796309E+00  0.1168978E+00
 27  8 1.0402  0.70  0.6871597E+00  0.2254401E-01
 27  9 1.0402  0.80  0.6933345E+00 -0.7399825E-01
 27 10 1.0402  0.90  0.6970785E+00 -0.1719030E+00
 27 11 1.0402  1.00  0.6971714E+00 -0.2696821E+00

 28  1 1.0802  0.00  0.6345451E+00  0.6345451E+00
 28  2 1.0802  0.10  0.6354742E+00  0.5466571E+00
 28  3 1.0802  0.20  0.6381997E+00  0.4597421E+00
 28  4 1.0802  0.30  0.6425367E+00  0.3729381E+00
 28  5 1.0802  0.40  0.6481769E+00  0.2854318E+00
 28  6 1.0802  0.50  0.6546887E+00  0.1965441E+00
 28  7 1.0802  0.60  0.6615172E+00  0.1058181E+00
 28  8 1.0802  0.70  0.6679841E+00  0.1310517E-01
 28  9 1.0802  0.80  0.6732880E+00 -0.8134749E-01
 28 10 1.0802  0.90  0.6765040E+00 -0.1768097E+00
 28 11 1.0802  1.00  0.6765838E+00 -0.2719805E+00

 29  1 1.1202  0.00  0.6213797E+00  0.6213797E+00
 29  2 1.1202  0.10  0.6221818E+00  0.5337114E+00
 29  3 1.1202  0.20  0.6245348E+00  0.4470102E+00
 29  4 1.1202  0.30  0.6282791E+00  0.3605247E+00
 29  5 1.1202  0.40  0.6331485E+00  0.2735488E+00
 29  6 1.1202  0.50  0.6387703E+00  0.1854980E+00
 29  7 1.1202  0.60  0.6446656E+00  0.9598339E-01
 29  8 1.1202  0.70  0.6502488E+00  0.4886938E-02
 29  9 1.1202  0.80  0.6548278E+00 -0.8756414E-01
 29 10 1.1202  0.90  0.6576042E+00 -0.1807231E+00
 29 11 1.1202  1.00  0.6576732E+00 -0.2734495E+00

 30  1 1.1602  0.00  0.6087035E+00  0.6087035E+00
 30  2 1.1602  0.10  0.6093993E+00  0.5213700E+00
 30  3 1.1602  0.20  0.6114404E+00  0.4350117E+00
 30  4 1.1602  0.30  0.6146883E+00  0.3489708E+00
 30  5 1.1602  0.40  0.6189121E+00  0.2626322E+00
 30  6 1.1602  0.50  0.6237887E+00  0.1754899E+00
 30  7 1.1602  0.60  0.6289024E+00  0.8721141E-01
 30  8 1.1602  0.70  0.6337454E+00 -0.2297387E-02
 30  9 1.1602  0.80  0.6377174E+00 -0.9282833E-01
 30 10 1.1602  0.90  0.6401257E+00 -0.1838073E+00
 30 11 1.1602  1.00  0.6401855E+00 -0.2742315E+00

 31  1 1.2002  0.00  0.5964890E+00  0.5964890E+00
 31  2 1.2002  0.10  0.5970951E+00  0.5095859E+00
 31  3 1.2002  0.20  0.5988735E+00  0.4236760E+00
 31  4 1.2002  0.30  0.6017033E+00  0.3381810E+00
 31  5 1.2002  0.40  0.6053835E+00  0.2525632E+00
 31  6 1.2002  0.50  0.6096323E+00  0.1663827E+00
 31  7 1.2002  0.60  0.6140878E+00  0.7935360E-01
 31  8 1.2002  0.70  0.6183074E+00 -0.8599252E-02
 31  9 1.2002  0.80  0.6217681E+00 -0.9728553E-01
 31 10 1.2002  0.90  0.6238664E+00 -0.1861946E+00
 31 11 1.2002  1.00  0.6239185E+00 -0.2744418E+00

 32  1 1.2402  0.00  0.5847108E+00  0.5847108E+00
 32  2 1.2402  0.10  0.5852411E+00  0.4983176E+00
 32  3 1.2402  0.20  0.5867970E+00  0.4129420E+00
 32  4 1.2402  0.30  0.5892729E+00  0.3280744E+00
 32  5 1.2402  0.40  0.5924926E+00  0.2432427E+00
 32  6 1.2402  0.50  0.5962099E+00  0.1580626E+00
 32  7 1.2402  0.60  0.6001080E+00  0.7228752E-01
 32  8 1.2402  0.70  0.6037997E+00 -0.1414277E-01
 32  9 1.2402  0.80  0.6068274E+00 -0.1010544E+00
 32 10 1.2402  0.90  0.6086633E+00 -0.1879924E+00
 32 11 1.2402  1.00  0.6087089E+00 -0.2741739E+00

 33  1 1.2802  0.00  0.5733463E+00  0.5733463E+00
 33  2 1.2802  0.10  0.5738121E+00  0.4875286E+00
 33  3 1.2802  0.20  0.5751786E+00  0.4027575E+00
 33  4 1.2802  0.30  0.5773532E+00  0.3185822E+00
 33  5 1.2802  0.40  0.5801811E+00  0.2345868E+00
 33  6 1.2802  0.50  0.5834461E+00  0.1504344E+00
 33  7 1.2802  0.60  0.5868698E+00  0.6591144E-01
 33  8 1.2802  0.70  0.5901123E+00 -0.1903066E-01
 33  9 1.2802  0.80  0.5927716E+00 -0.1042331E+00
 33 10 1.2802  0.90  0.5943840E+00 -0.1892894E+00
 33 11 1.2802  1.00  0.5944241E+00 -0.2735050E+00

 34  1 1.3202  0.00  0.5623742E+00  0.5623742E+00
 34  2 1.3202  0.10  0.5627848E+00  0.4771861E+00
 34  3 1.3202  0.20  0.5639895E+00  0.3930764E+00
 34  4 1.3202  0.30  0.5659064E+00  0.3096451E+00
 34  5 1.3202  0.40  0.5683993E+00  0.2265243E+00
 34  6 1.3202  0.50  0.5712775E+00  0.1434180E+00
 34  7 1.3202  0.60  0.5742956E+00  0.6013993E-01
 34  8 1.3202  0.70  0.5771540E+00 -0.2334872E-01
 34  9 1.3202  0.80  0.5794983E+00 -0.1069031E+00
 34 10 1.3202  0.90  0.5809197E+00 -0.1901592E+00
 34 11 1.3202  1.00  0.5809550E+00 -0.2724992E+00

 35  1 1.3602  0.00  0.5517749E+00  0.5517749E+00
 35  2 1.3602  0.10  0.5521381E+00  0.4672609E+00
 35  3 1.3602  0.20  0.5532038E+00  0.3838586E+00
 35  4 1.3602  0.30  0.5548995E+00  0.3012117E+00
 35  5 1.3602  0.40  0.5571047E+00  0.2189943E+00
 35  6 1.3602  0.50  0.5596507E+00  0.1369449E+00
 35  7 1.3602  0.60  0.5623205E+00  0.5490081E-01
 35  8 1.3602  0.70  0.5648490E+00 -0.2716920E-01
 35  9 1.3602  0.80  0.5669227E+00 -0.1091328E+00
 35 10 1.3602  0.90  0.5681801E+00 -0.1906635E+00
 35 11 1.3602  1.00  0.5682113E+00 -0.2712102E+00

 36  1 1.4002  0.00  0.5415304E+00  0.5415304E+00
 36  2 1.4002  0.10  0.5418527E+00  0.4577266E+00
 36  3 1.4002  0.20  0.5427985E+00  0.3750682E+00
 36  4 1.4002  0.30  0.5443034E+00  0.2932374E+00
 36  5 1.4002  0.40  0.5462605E+00  0.2119441E+00
 36  6 1.4002  0.50  0.5485200E+00  0.1309567E+00
 36  7 1.4002  0.60  0.5508894E+00  0.5013259E-01
 36  8 1.4002  0.70  0.5531334E+00 -0.3055329E-01
 36  9 1.4002  0.80  0.5549738E+00 -0.1109802E+00
 36 10 1.4002  0.90  0.5560897E+00 -0.1908544E+00
 36 11 1.4002  1.00  0.5561174E+00 -0.2696833E+00

 37  1 1.4402  0.00  0.5316237E+00  0.5316237E+00
 37  2 1.4402  0.10  0.5319107E+00  0.4485593E+00
 37  3 1.4402  0.20  0.5327526E+00  0.3666739E+00
 37  4 1.4402  0.30  0.5340923E+00  0.2856832E+00
 37  5 1.4402  0.40  0.5358346E+00  0.2053281E+00
 37  6 1.4402  0.50  0.5378461E+00  0.1254032E+00
 37  7 1.4402  0.60  0.5399554E+00  0.4578275E-01
 37  8 1.4402  0.70  0.5419531E+00 -0.3355324E-01
 37  9 1.4402  0.80  0.5435914E+00 -0.1124943E+00
 37 10 1.4402  0.90  0.5445849E+00 -0.1907760E+00
 37 11 1.4402  1.00  0.5446095E+00 -0.2679566E+00

 38  1 1.4802  0.00  0.5220392E+00  0.5220392E+00
 38  2 1.4802  0.10  0.5222955E+00  0.4397373E+00
 38  3 1.4802  0.20  0.5230471E+00  0.3586474E+00
 38  4 1.4802  0.30  0.5242433E+00  0.2785143E+00
 38  5 1.4802  0.40  0.5257989E+00  0.1991064E+00
 38  6 1.4802  0.50  0.5275948E+00  0.1202406E+00
 38  7 1.4802  0.60  0.5294781E+00  0.4180580E-01
 38  8 1.4802  0.70  0.5312617E+00 -0.3621387E-01
 38  9 1.4802  0.80  0.5327245E+00 -0.1137175E+00
 38 10 1.4802  0.90  0.5336115E+00 -0.1904661E+00
 38 11 1.4802  1.00  0.5336335E+00 -0.2660629E+00

 39  1 1.5202  0.00  0.5127621E+00  0.5127621E+00
 39  2 1.5202  0.10  0.5129915E+00  0.4312408E+00
 39  3 1.5202  0.20  0.5136645E+00  0.3509634E+00
 39  4 1.5202  0.30  0.5147355E+00  0.2717004E+00
 39  5 1.5202  0.40  0.5161282E+00  0.1932441E+00
 39  6 1.5202  0.50  0.5177362E+00  0.1154309E+00
 39  7 1.5202  0.60  0.5194224E+00  0.3816251E-01
 39  8 1.5202  0.70  0.5210193E+00 -0.3857381E-01
 39  9 1.5202  0.80  0.5223290E+00 -0.1146856E+00
 39 10 1.5202  0.90  0.5231231E+00 -0.1899568E+00
 39 11 1.5202  1.00  0.5231428E+00 -0.2640301E+00

 40  1 1.5602  0.00  0.5037788E+00  0.5037788E+00
 40  2 1.5602  0.10  0.5039847E+00  0.4230515E+00
 40  3 1.5602  0.20  0.5045889E+00  0.3435991E+00
 40  4 1.5602  0.30  0.5055503E+00  0.2652142E+00
 40  5 1.5602  0.40  0.5068005E+00  0.1877104E+00
 40  6 1.5602  0.50  0.5082440E+00  0.1109411E+00
 40  7 1.5602  0.60  0.5097577E+00  0.3481871E-01
 40  8 1.5602  0.70  0.5111912E+00 -0.4066664E-01
 40  9 1.5602  0.80  0.5123670E+00 -0.1154303E+00
 40 10 1.5602  0.90  0.5130798E+00 -0.1892763E+00
 40 11 1.5602  1.00  0.5130975E+00 -0.2618822E+00

 41  1 1.6002  0.00  0.4950761E+00  0.4950761E+00
 41  2 1.6002  0.10  0.4952614E+00  0.4151529E+00
 41  3 1.6002  0.20  0.4958051E+00  0.3365337E+00
 41  4 1.6002  0.30  0.4966703E+00  0.2590315E+00
 41  5 1.6002  0.40  0.4977955E+00  0.1824781E+00
 41  6 1.6002  0.50  0.4990946E+00  0.1067416E+00
 41  7 1.6002  0.60  0.5004569E+00  0.3174434E-01
 41  8 1.6002  0.70  0.5017470E+00 -0.4252156E-01
 41  9 1.6002  0.80  0.5028051E+00 -0.1159784E+00
 41 10 1.6002  0.90  0.5034466E+00 -0.1884483E+00
 41 11 1.6002  1.00  0.5034626E+00 -0.2596397E+00

 42  1 1.6402  0.00  0.4866418E+00  0.4866418E+00
 42  2 1.6402  0.10  0.4868090E+00  0.4075294E+00
 42  3 1.6402  0.20  0.4872995E+00  0.3297487E+00
 42  4 1.6402  0.30  0.4880801E+00  0.2531305E+00
 42  5 1.6402  0.40  0.4890951E+00  0.1775227E+00
 42  6 1.6402  0.50  0.4902670E+00  0.1028068E+00
 42  7 1.6402  0.60  0.4914960E+00  0.2891322E-01
 42  8 1.6402  0.70  0.4926598E+00 -0.4416410E-01
 42  9 1.6402  0.80  0.4936144E+00 -0.1163537E+00
 42 10 1.6402  0.90  0.4941931E+00 -0.1874940E+00
 42 11 1.6402  1.00  0.4942075E+00 -0.2573205E+00

 43  1 1.6802  0.00  0.4784646E+00  0.4784646E+00
 43  2 1.6802  0.10  0.4786158E+00  0.4001668E+00
 43  3 1.6802  0.20  0.4790593E+00  0.3232270E+00
 43  4 1.6802  0.30  0.4797651E+00  0.2474916E+00
 43  5 1.6802  0.40  0.4806829E+00  0.1728228E+00
 43  6 1.6802  0.50  0.4817425E+00  0.9911381E-01
 43  7 1.6802  0.60  0.4828537E+00  0.2630219E-01
 43  8 1.6802  0.70  0.4839061E+00 -0.4561655E-01
 43  9 1.6802  0.80  0.4847692E+00 -0.1165768E+00
 43 10 1.6802  0.90  0.4852925E+00 -0.1864312E+00
 43 11 1.6802  1.00  0.4853055E+00 -0.2549398E+00

 44  1 1.7202  0.00  0.4705336E+00  0.4705336E+00
 44  2 1.7202  0.10  0.4706706E+00  0.3930520E+00
 44  3 1.7202  0.20  0.4710725E+00  0.3169530E+00
 44  4 1.7202  0.30  0.4717121E+00  0.2420970E+00
 44  5 1.7202  0.40  0.4725437E+00  0.1683589E+00
 44  6 1.7202  0.50  0.4735040E+00  0.9564219E-01
 44  7 1.7202  0.60  0.4745109E+00  0.2389078E-01
 44  8 1.7202  0.70  0.4754645E+00 -0.4689870E-01
 44  9 1.7202  0.80  0.4762466E+00 -0.1166658E+00
 44 10 1.7202  0.90  0.4767209E+00 -0.1852760E+00
 44 11 1.7202  1.00  0.4767326E+00 -0.2525111E+00

 45  1 1.7602  0.00  0.4628385E+00  0.4628385E+00
 45  2 1.7602  0.10  0.4629629E+00  0.3861726E+00
 45  3 1.7602  0.20  0.4633278E+00  0.3109124E+00
 45  4 1.7602  0.30  0.4639086E+00  0.2369306E+00
 45  5 1.7602  0.40  0.4646638E+00  0.1641136E+00
 45  6 1.7602  0.50  0.4655358E+00  0.9237374E-01
 45  7 1.7602  0.60  0.4664502E+00  0.2166070E-01
 45  8 1.7602  0.70  0.4673161E+00 -0.4802796E-01
 45  9 1.7602  0.80  0.4680263E+00 -0.1166365E+00
 45 10 1.7602  0.90  0.4684570E+00 -0.1840421E+00
 45 11 1.7602  1.00  0.4684677E+00 -0.2500457E+00

 46  1 1.8002  0.00  0.4553695E+00  0.4553695E+00
 46  2 1.8002  0.10  0.4554827E+00  0.3795173E+00
 46  3 1.8002  0.20  0.4558148E+00  0.3050921E+00
 46  4 1.8002  0.30  0.4563432E+00  0.2319778E+00
 46  5 1.8002  0.40  0.4570304E+00  0.1600711E+00
 46  6 1.8002  0.50  0.4578238E+00  0.8929223E-01
 46  7 1.8002  0.60  0.4586558E+00  0.1959584E-01
 46  8 1.8002  0.70  0.4594437E+00 -0.4901969E-01
 46  9 1.8002  0.80  0.4600900E+00 -0.1165030E+00
 46 10 1.8002  0.90  0.4604818E+00 -0.1827416E+00
 46 11 1.8002  1.00  0.4604915E+00 -0.2475536E+00

 47  1 1.8402  0.00  0.4481176E+00  0.4481176E+00
 47  2 1.8402  0.10  0.4482208E+00  0.3730753E+00
 47  3 1.8402  0.20  0.4485235E+00  0.2994799E+00
 47  4 1.8402  0.30  0.4490052E+00  0.2272253E+00
 47  5 1.8402  0.40  0.4496318E+00  0.1562172E+00
 47  6 1.8402  0.50  0.4503551E+00  0.8638307E-01
 47  7 1.8402  0.60  0.4511135E+00  0.1768177E-01
 47  8 1.8402  0.70  0.4518318E+00 -0.4988755E-01
 47  9 1.8402  0.80  0.4524210E+00 -0.1162775E+00
 47 10 1.8402  0.90  0.4527782E+00 -0.1813849E+00
 47 11 1.8402  1.00  0.4527871E+00 -0.2450435E+00

 48  1 1.8802  0.00  0.4410740E+00  0.4410740E+00
 48  2 1.8802  0.10  0.4411683E+00  0.3668367E+00
 48  3 1.8802  0.20  0.4414448E+00  0.2940648E+00
 48  4 1.8802  0.30  0.4418848E+00  0.2226610E+00
 48  5 1.8802  0.40  0.4424570E+00  0.1525391E+00
 48  6 1.8802  0.50  0.4431176E+00  0.8363296E-01
 48  7 1.8802  0.60  0.4438103E+00  0.1590546E-01
 48  8 1.8802  0.70  0.4444664E+00 -0.5064382E-01
 48  9 1.8802  0.80  0.4450045E+00 -0.1159711E+00
 48 10 1.8802  0.90  0.4453307E+00 -0.1799815E+00
 48 11 1.8802  1.00  0.4453388E+00 -0.2425229E+00

 49  1 1.9202  0.00  0.4342305E+00  0.4342305E+00
 49  2 1.9202  0.10  0.4343167E+00  0.3607922E+00
 49  3 1.9202  0.20  0.4345697E+00  0.2888363E+00
 49  4 1.9202  0.30  0.4349723E+00  0.2182736E+00
 49  5 1.9202  0.40  0.4354958E+00  0.1490249E+00
 49  6 1.9202  0.50  0.4361002E+00  0.8103014E-01
 49  7 1.9202  0.60  0.4367341E+00  0.1425538E-01
 49  8 1.9202  0.70  0.4373343E+00 -0.5129930E-01
 49  9 1.9202  0.80  0.4378267E+00 -0.1155934E+00
 49 10 1.9202  0.90  0.4381252E+00 -0.1785396E+00
 49 11 1.9202  1.00  0.4381326E+00 -0.2399983E+00

 50  1 1.9602  0.00  0.4275790E+00  0.4275790E+00
 50  2 1.9602  0.10  0.4276581E+00  0.3549330E+00
 50  3 1.9602  0.20  0.4278899E+00  0.2837849E+00
 50  4 1.9602  0.30  0.4282589E+00  0.2140527E+00
 50  5 1.9602  0.40  0.4287387E+00  0.1456641E+00
 50  6 1.9602  0.50  0.4292927E+00  0.7856375E-01
 50  7 1.9602  0.60  0.4298736E+00  0.1272107E-01
 50  8 1.9602  0.70  0.4304238E+00 -0.5186364E-01
 50  9 1.9602  0.80  0.4308750E+00 -0.1151528E+00
 50 10 1.9602  0.90  0.4311486E+00 -0.1770661E+00
 50 11 1.9602  1.00  0.4311554E+00 -0.2374751E+00

 51  1 2.0002  0.00  0.4211123E+00  0.4211123E+00
 51  2 2.0002  0.10  0.4211849E+00  0.3492508E+00
 51  3 2.0002  0.20  0.4213977E+00  0.2789015E+00
 51  4 2.0002  0.30  0.4217364E+00  0.2099890E+00
 51  5 2.0002  0.40  0.4221769E+00  0.1424467E+00
 51  6 2.0002  0.50  0.4226855E+00  0.7622402E-01
 51  7 2.0002  0.60  0.4232188E+00  0.1129304E-01
 51  8 2.0002  0.70  0.4237238E+00 -0.5234564E-01
 51  9 2.0002  0.80  0.4241380E+00 -0.1146572E+00
 51 10 2.0002  0.90  0.4243892E+00 -0.1755675E+00
 51 11 2.0002  1.00  0.4243954E+00 -0.2349584E+00

