# getfw vers. 0.4 starts...
#ROWS=   26
#COLS=   26
#a/b runs between 0.0  and 1.0, c/W between 0.0 and 0.4
#icow c/W                                     a/B 
#           0.000                                                                                                                                                                                                    1.000
#startaob,endaob,aobinterval = 0.0000 1.0000 0.0400
#cowinterval= 0.0160
#plot    1    1 0.0000 0.0000   0.100000E+01
#plot    1    2 0.0000 0.0400   0.100000E+01
#plot    1    3 0.0000 0.0800   0.100000E+01
#plot    1    4 0.0000 0.1200   0.100000E+01
#plot    1    5 0.0000 0.1600   0.100000E+01
#plot    1    6 0.0000 0.2000   0.100000E+01
#plot    1    7 0.0000 0.2400   0.100000E+01
#plot    1    8 0.0000 0.2800   0.100000E+01
#plot    1    9 0.0000 0.3200   0.100000E+01
#plot    1   10 0.0000 0.3600   0.100000E+01
#plot    1   11 0.0000 0.4000   0.100000E+01
#plot    1   12 0.0000 0.4400   0.100000E+01
#plot    1   13 0.0000 0.4800   0.100000E+01
#plot    1   14 0.0000 0.5200   0.100000E+01
#plot    1   15 0.0000 0.5600   0.100000E+01
#plot    1   16 0.0000 0.6000   0.100000E+01
#plot    1   17 0.0000 0.6400   0.100000E+01
#plot    1   18 0.0000 0.6800   0.100000E+01
#plot    1   19 0.0000 0.7200   0.100000E+01
#plot    1   20 0.0000 0.7600   0.100000E+01
#plot    1   21 0.0000 0.8000   0.100000E+01
#plot    1   22 0.0000 0.8400   0.100000E+01
#plot    1   23 0.0000 0.8800   0.100000E+01
#plot    1   24 0.0000 0.9200   0.100000E+01
#plot    1   25 0.0000 0.9600   0.100000E+01
#plot    1   26 0.0000 1.0000   0.100000E+01
  1 .000    1.000   1.000   1.000   1.000   1.000   1.000   1.000   1.000   1.000   1.000   1.000   1.000   1.000   1.000   1.000   1.000   1.000   1.000   1.000   1.000   1.000   1.000   1.000   1.000   1.000   1.000
#plot    2    1 0.0160 0.0000   0.100000E+01
#plot    2    2 0.0160 0.0400   0.100003E+01
#plot    2    3 0.0160 0.0800   0.100005E+01
#plot    2    4 0.0160 0.1200   0.100008E+01
#plot    2    5 0.0160 0.1600   0.100010E+01
#plot    2    6 0.0160 0.2000   0.100013E+01
#plot    2    7 0.0160 0.2400   0.100015E+01
#plot    2    8 0.0160 0.2800   0.100018E+01
#plot    2    9 0.0160 0.3200   0.100020E+01
#plot    2   10 0.0160 0.3600   0.100023E+01
#plot    2   11 0.0160 0.4000   0.100025E+01
#plot    2   12 0.0160 0.4400   0.100028E+01
#plot    2   13 0.0160 0.4800   0.100030E+01
#plot    2   14 0.0160 0.5200   0.100033E+01
#plot    2   15 0.0160 0.5600   0.100035E+01
#plot    2   16 0.0160 0.6000   0.100038E+01
#plot    2   17 0.0160 0.6400   0.100040E+01
#plot    2   18 0.0160 0.6800   0.100043E+01
#plot    2   19 0.0160 0.7200   0.100046E+01
#plot    2   20 0.0160 0.7600   0.100048E+01
#plot    2   21 0.0160 0.8000   0.100051E+01
#plot    2   22 0.0160 0.8400   0.100053E+01
#plot    2   23 0.0160 0.8800   0.100056E+01
#plot    2   24 0.0160 0.9200   0.100058E+01
#plot    2   25 0.0160 0.9600   0.100061E+01
#plot    2   26 0.0160 1.0000   0.100063E+01
  2 .016    1.000   1.000   1.000   1.000   1.000   1.000   1.000   1.000   1.000   1.000   1.000   1.000   1.000   1.000   1.000   1.000   1.000   1.000   1.000   1.000   1.001   1.001   1.001   1.001   1.001   1.001
#plot    3    1 0.0320 0.0000   0.100000E+01
#plot    3    2 0.0320 0.0400   0.100010E+01
#plot    3    3 0.0320 0.0800   0.100020E+01
#plot    3    4 0.0320 0.1200   0.100030E+01
#plot    3    5 0.0320 0.1600   0.100040E+01
#plot    3    6 0.0320 0.2000   0.100051E+01
#plot    3    7 0.0320 0.2400   0.100061E+01
#plot    3    8 0.0320 0.2800   0.100071E+01
#plot    3    9 0.0320 0.3200   0.100081E+01
#plot    3   10 0.0320 0.3600   0.100091E+01
#plot    3   11 0.0320 0.4000   0.100101E+01
#plot    3   12 0.0320 0.4400   0.100111E+01
#plot    3   13 0.0320 0.4800   0.100121E+01
#plot    3   14 0.0320 0.5200   0.100132E+01
#plot    3   15 0.0320 0.5600   0.100142E+01
#plot    3   16 0.0320 0.6000   0.100152E+01
#plot    3   17 0.0320 0.6400   0.100162E+01
#plot    3   18 0.0320 0.6800   0.100172E+01
#plot    3   19 0.0320 0.7200   0.100182E+01
#plot    3   20 0.0320 0.7600   0.100192E+01
#plot    3   21 0.0320 0.8000   0.100203E+01
#plot    3   22 0.0320 0.8400   0.100213E+01
#plot    3   23 0.0320 0.8800   0.100223E+01
#plot    3   24 0.0320 0.9200   0.100233E+01
#plot    3   25 0.0320 0.9600   0.100243E+01
#plot    3   26 0.0320 1.0000   0.100253E+01
  3 .032    1.000   1.000   1.000   1.000   1.000   1.001   1.001   1.001   1.001   1.001   1.001   1.001   1.001   1.001   1.001   1.002   1.002   1.002   1.002   1.002   1.002   1.002   1.002   1.002   1.002   1.003
#plot    4    1 0.0480 0.0000   0.100000E+01
#plot    4    2 0.0480 0.0400   0.100023E+01
#plot    4    3 0.0480 0.0800   0.100046E+01
#plot    4    4 0.0480 0.1200   0.100068E+01
#plot    4    5 0.0480 0.1600   0.100091E+01
#plot    4    6 0.0480 0.2000   0.100114E+01
#plot    4    7 0.0480 0.2400   0.100137E+01
#plot    4    8 0.0480 0.2800   0.100159E+01
#plot    4    9 0.0480 0.3200   0.100182E+01
#plot    4   10 0.0480 0.3600   0.100205E+01
#plot    4   11 0.0480 0.4000   0.100228E+01
#plot    4   12 0.0480 0.4400   0.100251E+01
#plot    4   13 0.0480 0.4800   0.100274E+01
#plot    4   14 0.0480 0.5200   0.100297E+01
#plot    4   15 0.0480 0.5600   0.100320E+01
#plot    4   16 0.0480 0.6000   0.100342E+01
#plot    4   17 0.0480 0.6400   0.100365E+01
#plot    4   18 0.0480 0.6800   0.100388E+01
#plot    4   19 0.0480 0.7200   0.100411E+01
#plot    4   20 0.0480 0.7600   0.100434E+01
#plot    4   21 0.0480 0.8000   0.100457E+01
#plot    4   22 0.0480 0.8400   0.100480E+01
#plot    4   23 0.0480 0.8800   0.100503E+01
#plot    4   24 0.0480 0.9200   0.100526E+01
#plot    4   25 0.0480 0.9600   0.100549E+01
#plot    4   26 0.0480 1.0000   0.100572E+01
  4 .048    1.000   1.000   1.000   1.001   1.001   1.001   1.001   1.002   1.002   1.002   1.002   1.003   1.003   1.003   1.003   1.003   1.004   1.004   1.004   1.004   1.005   1.005   1.005   1.005   1.005   1.006
#plot    5    1 0.0640 0.0000   0.100000E+01
#plot    5    2 0.0640 0.0400   0.100040E+01
#plot    5    3 0.0640 0.0800   0.100081E+01
#plot    5    4 0.0640 0.1200   0.100121E+01
#plot    5    5 0.0640 0.1600   0.100162E+01
#plot    5    6 0.0640 0.2000   0.100203E+01
#plot    5    7 0.0640 0.2400   0.100243E+01
#plot    5    8 0.0640 0.2800   0.100284E+01
#plot    5    9 0.0640 0.3200   0.100325E+01
#plot    5   10 0.0640 0.3600   0.100365E+01
#plot    5   11 0.0640 0.4000   0.100406E+01
#plot    5   12 0.0640 0.4400   0.100447E+01
#plot    5   13 0.0640 0.4800   0.100488E+01
#plot    5   14 0.0640 0.5200   0.100529E+01
#plot    5   15 0.0640 0.5600   0.100570E+01
#plot    5   16 0.0640 0.6000   0.100611E+01
#plot    5   17 0.0640 0.6400   0.100652E+01
#plot    5   18 0.0640 0.6800   0.100693E+01
#plot    5   19 0.0640 0.7200   0.100734E+01
#plot    5   20 0.0640 0.7600   0.100775E+01
#plot    5   21 0.0640 0.8000   0.100816E+01
#plot    5   22 0.0640 0.8400   0.100857E+01
#plot    5   23 0.0640 0.8800   0.100899E+01
#plot    5   24 0.0640 0.9200   0.100940E+01
#plot    5   25 0.0640 0.9600   0.100981E+01
#plot    5   26 0.0640 1.0000   0.101023E+01
  5 .064    1.000   1.000   1.001   1.001   1.002   1.002   1.002   1.003   1.003   1.004   1.004   1.004   1.005   1.005   1.006   1.006   1.007   1.007   1.007   1.008   1.008   1.009   1.009   1.009   1.010   1.010
#plot    6    1 0.0800 0.0000   0.100000E+01
#plot    6    2 0.0800 0.0400   0.100063E+01
#plot    6    3 0.0800 0.0800   0.100127E+01
#plot    6    4 0.0800 0.1200   0.100190E+01
#plot    6    5 0.0800 0.1600   0.100253E+01
#plot    6    6 0.0800 0.2000   0.100317E+01
#plot    6    7 0.0800 0.2400   0.100381E+01
#plot    6    8 0.0800 0.2800   0.100444E+01
#plot    6    9 0.0800 0.3200   0.100508E+01
#plot    6   10 0.0800 0.3600   0.100572E+01
#plot    6   11 0.0800 0.4000   0.100636E+01
#plot    6   12 0.0800 0.4400   0.100701E+01
#plot    6   13 0.0800 0.4800   0.100765E+01
#plot    6   14 0.0800 0.5200   0.100829E+01
#plot    6   15 0.0800 0.5600   0.100894E+01
#plot    6   16 0.0800 0.6000   0.100958E+01
#plot    6   17 0.0800 0.6400   0.101023E+01
#plot    6   18 0.0800 0.6800   0.101087E+01
#plot    6   19 0.0800 0.7200   0.101152E+01
#plot    6   20 0.0800 0.7600   0.101217E+01
#plot    6   21 0.0800 0.8000   0.101282E+01
#plot    6   22 0.0800 0.8400   0.101347E+01
#plot    6   23 0.0800 0.8800   0.101413E+01
#plot    6   24 0.0800 0.9200   0.101478E+01
#plot    6   25 0.0800 0.9600   0.101543E+01
#plot    6   26 0.0800 1.0000   0.101609E+01
  6 .080    1.000   1.001   1.001   1.002   1.003   1.003   1.004   1.004   1.005   1.006   1.006   1.007   1.008   1.008   1.009   1.010   1.010   1.011   1.012   1.012   1.013   1.013   1.014   1.015   1.015   1.016
#plot    7    1 0.0960 0.0000   0.100000E+01
#plot    7    2 0.0960 0.0400   0.100091E+01
#plot    7    3 0.0960 0.0800   0.100182E+01
#plot    7    4 0.0960 0.1200   0.100274E+01
#plot    7    5 0.0960 0.1600   0.100365E+01
#plot    7    6 0.0960 0.2000   0.100457E+01
#plot    7    7 0.0960 0.2400   0.100549E+01
#plot    7    8 0.0960 0.2800   0.100641E+01
#plot    7    9 0.0960 0.3200   0.100734E+01
#plot    7   10 0.0960 0.3600   0.100827E+01
#plot    7   11 0.0960 0.4000   0.100919E+01
#plot    7   12 0.0960 0.4400   0.101012E+01
#plot    7   13 0.0960 0.4800   0.101106E+01
#plot    7   14 0.0960 0.5200   0.101199E+01
#plot    7   15 0.0960 0.5600   0.101293E+01
#plot    7   16 0.0960 0.6000   0.101386E+01
#plot    7   17 0.0960 0.6400   0.101481E+01
#plot    7   18 0.0960 0.6800   0.101575E+01
#plot    7   19 0.0960 0.7200   0.101669E+01
#plot    7   20 0.0960 0.7600   0.101764E+01
#plot    7   21 0.0960 0.8000   0.101859E+01
#plot    7   22 0.0960 0.8400   0.101954E+01
#plot    7   23 0.0960 0.8800   0.102049E+01
#plot    7   24 0.0960 0.9200   0.102145E+01
#plot    7   25 0.0960 0.9600   0.102240E+01
#plot    7   26 0.0960 1.0000   0.102336E+01
  7 .096    1.000   1.001   1.002   1.003   1.004   1.005   1.005   1.006   1.007   1.008   1.009   1.010   1.011   1.012   1.013   1.014   1.015   1.016   1.017   1.018   1.019   1.020   1.020   1.021   1.022   1.023
#plot    8    1 0.1120 0.0000   0.100000E+01
#plot    8    2 0.1120 0.0400   0.100124E+01
#plot    8    3 0.1120 0.0800   0.100248E+01
#plot    8    4 0.1120 0.1200   0.100373E+01
#plot    8    5 0.1120 0.1600   0.100498E+01
#plot    8    6 0.1120 0.2000   0.100624E+01
#plot    8    7 0.1120 0.2400   0.100749E+01
#plot    8    8 0.1120 0.2800   0.100875E+01
#plot    8    9 0.1120 0.3200   0.101002E+01
#plot    8   10 0.1120 0.3600   0.101129E+01
#plot    8   11 0.1120 0.4000   0.101256E+01
#plot    8   12 0.1120 0.4400   0.101384E+01
#plot    8   13 0.1120 0.4800   0.101512E+01
#plot    8   14 0.1120 0.5200   0.101640E+01
#plot    8   15 0.1120 0.5600   0.101769E+01
#plot    8   16 0.1120 0.6000   0.101898E+01
#plot    8   17 0.1120 0.6400   0.102028E+01
#plot    8   18 0.1120 0.6800   0.102158E+01
#plot    8   19 0.1120 0.7200   0.102288E+01
#plot    8   20 0.1120 0.7600   0.102419E+01
#plot    8   21 0.1120 0.8000   0.102550E+01
#plot    8   22 0.1120 0.8400   0.102682E+01
#plot    8   23 0.1120 0.8800   0.102813E+01
#plot    8   24 0.1120 0.9200   0.102946E+01
#plot    8   25 0.1120 0.9600   0.103079E+01
#plot    8   26 0.1120 1.0000   0.103212E+01
  8 .112    1.000   1.001   1.002   1.004   1.005   1.006   1.007   1.009   1.010   1.011   1.013   1.014   1.015   1.016   1.018   1.019   1.020   1.022   1.023   1.024   1.026   1.027   1.028   1.029   1.031   1.032
#plot    9    1 0.1280 0.0000   0.100000E+01
#plot    9    2 0.1280 0.0400   0.100162E+01
#plot    9    3 0.1280 0.0800   0.100325E+01
#plot    9    4 0.1280 0.1200   0.100488E+01
#plot    9    5 0.1280 0.1600   0.100652E+01
#plot    9    6 0.1280 0.2000   0.100816E+01
#plot    9    7 0.1280 0.2400   0.100981E+01
#plot    9    8 0.1280 0.2800   0.101147E+01
#plot    9    9 0.1280 0.3200   0.101313E+01
#plot    9   10 0.1280 0.3600   0.101481E+01
#plot    9   11 0.1280 0.4000   0.101648E+01
#plot    9   12 0.1280 0.4400   0.101817E+01
#plot    9   13 0.1280 0.4800   0.101986E+01
#plot    9   14 0.1280 0.5200   0.102155E+01
#plot    9   15 0.1280 0.5600   0.102325E+01
#plot    9   16 0.1280 0.6000   0.102496E+01
#plot    9   17 0.1280 0.6400   0.102668E+01
#plot    9   18 0.1280 0.6800   0.102840E+01
#plot    9   19 0.1280 0.7200   0.103013E+01
#plot    9   20 0.1280 0.7600   0.103187E+01
#plot    9   21 0.1280 0.8000   0.103362E+01
#plot    9   22 0.1280 0.8400   0.103537E+01
#plot    9   23 0.1280 0.8800   0.103712E+01
#plot    9   24 0.1280 0.9200   0.103889E+01
#plot    9   25 0.1280 0.9600   0.104066E+01
#plot    9   26 0.1280 1.0000   0.104244E+01
  9 .128    1.000   1.002   1.003   1.005   1.007   1.008   1.010   1.011   1.013   1.015   1.016   1.018   1.020   1.022   1.023   1.025   1.027   1.028   1.030   1.032   1.034   1.035   1.037   1.039   1.041   1.042
#plot   10    1 0.1440 0.0000   0.100000E+01
#plot   10    2 0.1440 0.0400   0.100205E+01
#plot   10    3 0.1440 0.0800   0.100411E+01
#plot   10    4 0.1440 0.1200   0.100618E+01
#plot   10    5 0.1440 0.1600   0.100827E+01
#plot   10    6 0.1440 0.2000   0.101036E+01
#plot   10    7 0.1440 0.2400   0.101246E+01
#plot   10    8 0.1440 0.2800   0.101457E+01
#plot   10    9 0.1440 0.3200   0.101669E+01
#plot   10   10 0.1440 0.3600   0.101882E+01
#plot   10   11 0.1440 0.4000   0.102097E+01
#plot   10   12 0.1440 0.4400   0.102312E+01
#plot   10   13 0.1440 0.4800   0.102529E+01
#plot   10   14 0.1440 0.5200   0.102746E+01
#plot   10   15 0.1440 0.5600   0.102965E+01
#plot   10   16 0.1440 0.6000   0.103184E+01
#plot   10   17 0.1440 0.6400   0.103405E+01
#plot   10   18 0.1440 0.6800   0.103627E+01
#plot   10   19 0.1440 0.7200   0.103850E+01
#plot   10   20 0.1440 0.7600   0.104074E+01
#plot   10   21 0.1440 0.8000   0.104300E+01
#plot   10   22 0.1440 0.8400   0.104526E+01
#plot   10   23 0.1440 0.8800   0.104754E+01
#plot   10   24 0.1440 0.9200   0.104983E+01
#plot   10   25 0.1440 0.9600   0.105213E+01
#plot   10   26 0.1440 1.0000   0.105444E+01
 10 .144    1.000   1.002   1.004   1.006   1.008   1.010   1.012   1.015   1.017   1.019   1.021   1.023   1.025   1.027   1.030   1.032   1.034   1.036   1.039   1.041   1.043   1.045   1.048   1.050   1.052   1.054
#plot   11    1 0.1600 0.0000   0.100000E+01
#plot   11    2 0.1600 0.0400   0.100253E+01
#plot   11    3 0.1600 0.0800   0.100508E+01
#plot   11    4 0.1600 0.1200   0.100765E+01
#plot   11    5 0.1600 0.1600   0.101023E+01
#plot   11    6 0.1600 0.2000   0.101282E+01
#plot   11    7 0.1600 0.2400   0.101543E+01
#plot   11    8 0.1600 0.2800   0.101806E+01
#plot   11    9 0.1600 0.3200   0.102070E+01
#plot   11   10 0.1600 0.3600   0.102336E+01
#plot   11   11 0.1600 0.4000   0.102604E+01
#plot   11   12 0.1600 0.4400   0.102873E+01
#plot   11   13 0.1600 0.4800   0.103144E+01
#plot   11   14 0.1600 0.5200   0.103416E+01
#plot   11   15 0.1600 0.5600   0.103690E+01
#plot   11   16 0.1600 0.6000   0.103966E+01
#plot   11   17 0.1600 0.6400   0.104244E+01
#plot   11   18 0.1600 0.6800   0.104524E+01
#plot   11   19 0.1600 0.7200   0.104805E+01
#plot   11   20 0.1600 0.7600   0.105088E+01
#plot   11   21 0.1600 0.8000   0.105373E+01
#plot   11   22 0.1600 0.8400   0.105659E+01
#plot   11   23 0.1600 0.8800   0.105948E+01
#plot   11   24 0.1600 0.9200   0.106238E+01
#plot   11   25 0.1600 0.9600   0.106531E+01
#plot   11   26 0.1600 1.0000   0.106825E+01
 11 .160    1.000   1.003   1.005   1.008   1.010   1.013   1.015   1.018   1.021   1.023   1.026   1.029   1.031   1.034   1.037   1.040   1.042   1.045   1.048   1.051   1.054   1.057   1.059   1.062   1.065   1.068
#plot   12    1 0.1760 0.0000   0.100000E+01
#plot   12    2 0.1760 0.0400   0.100307E+01
#plot   12    3 0.1760 0.0800   0.100616E+01
#plot   12    4 0.1760 0.1200   0.100927E+01
#plot   12    5 0.1760 0.1600   0.101241E+01
#plot   12    6 0.1760 0.2000   0.101556E+01
#plot   12    7 0.1760 0.2400   0.101875E+01
#plot   12    8 0.1760 0.2800   0.102195E+01
#plot   12    9 0.1760 0.3200   0.102518E+01
#plot   12   10 0.1760 0.3600   0.102843E+01
#plot   12   11 0.1760 0.4000   0.103171E+01
#plot   12   12 0.1760 0.4400   0.103501E+01
#plot   12   13 0.1760 0.4800   0.103834E+01
#plot   12   14 0.1760 0.5200   0.104169E+01
#plot   12   15 0.1760 0.5600   0.104507E+01
#plot   12   16 0.1760 0.6000   0.104847E+01
#plot   12   17 0.1760 0.6400   0.105190E+01
#plot   12   18 0.1760 0.6800   0.105536E+01
#plot   12   19 0.1760 0.7200   0.105884E+01
#plot   12   20 0.1760 0.7600   0.106235E+01
#plot   12   21 0.1760 0.8000   0.106589E+01
#plot   12   22 0.1760 0.8400   0.106946E+01
#plot   12   23 0.1760 0.8800   0.107306E+01
#plot   12   24 0.1760 0.9200   0.107668E+01
#plot   12   25 0.1760 0.9600   0.108033E+01
#plot   12   26 0.1760 1.0000   0.108402E+01
 12 .176    1.000   1.003   1.006   1.009   1.012   1.016   1.019   1.022   1.025   1.028   1.032   1.035   1.038   1.042   1.045   1.048   1.052   1.055   1.059   1.062   1.066   1.069   1.073   1.077   1.080   1.084
#plot   13    1 0.1920 0.0000   0.100000E+01
#plot   13    2 0.1920 0.0400   0.100365E+01
#plot   13    3 0.1920 0.0800   0.100734E+01
#plot   13    4 0.1920 0.1200   0.101106E+01
#plot   13    5 0.1920 0.1600   0.101481E+01
#plot   13    6 0.1920 0.2000   0.101859E+01
#plot   13    7 0.1920 0.2400   0.102240E+01
#plot   13    8 0.1920 0.2800   0.102625E+01
#plot   13    9 0.1920 0.3200   0.103013E+01
#plot   13   10 0.1920 0.3600   0.103405E+01
#plot   13   11 0.1920 0.4000   0.103801E+01
#plot   13   12 0.1920 0.4400   0.104200E+01
#plot   13   13 0.1920 0.4800   0.104602E+01
#plot   13   14 0.1920 0.5200   0.105008E+01
#plot   13   15 0.1920 0.5600   0.105418E+01
#plot   13   16 0.1920 0.6000   0.105832E+01
#plot   13   17 0.1920 0.6400   0.106250E+01
#plot   13   18 0.1920 0.6800   0.106672E+01
#plot   13   19 0.1920 0.7200   0.107097E+01
#plot   13   20 0.1920 0.7600   0.107527E+01
#plot   13   21 0.1920 0.8000   0.107961E+01
#plot   13   22 0.1920 0.8400   0.108399E+01
#plot   13   23 0.1920 0.8800   0.108841E+01
#plot   13   24 0.1920 0.9200   0.109288E+01
#plot   13   25 0.1920 0.9600   0.109739E+01
#plot   13   26 0.1920 1.0000   0.110194E+01
 13 .192    1.000   1.004   1.007   1.011   1.015   1.019   1.022   1.026   1.030   1.034   1.038   1.042   1.046   1.050   1.054   1.058   1.062   1.067   1.071   1.075   1.080   1.084   1.088   1.093   1.097   1.102
#plot   14    1 0.2080 0.0000   0.100000E+01
#plot   14    2 0.2080 0.0400   0.100429E+01
#plot   14    3 0.2080 0.0800   0.100863E+01
#plot   14    4 0.2080 0.1200   0.101300E+01
#plot   14    5 0.2080 0.1600   0.101743E+01
#plot   14    6 0.2080 0.2000   0.102190E+01
#plot   14    7 0.2080 0.2400   0.102641E+01
#plot   14    8 0.2080 0.2800   0.103098E+01
#plot   14    9 0.2080 0.3200   0.103559E+01
#plot   14   10 0.2080 0.3600   0.104025E+01
#plot   14   11 0.2080 0.4000   0.104496E+01
#plot   14   12 0.2080 0.4400   0.104972E+01
#plot   14   13 0.2080 0.4800   0.105453E+01
#plot   14   14 0.2080 0.5200   0.105939E+01
#plot   14   15 0.2080 0.5600   0.106431E+01
#plot   14   16 0.2080 0.6000   0.106928E+01
#plot   14   17 0.2080 0.6400   0.107431E+01
#plot   14   18 0.2080 0.6800   0.107940E+01
#plot   14   19 0.2080 0.7200   0.108454E+01
#plot   14   20 0.2080 0.7600   0.108974E+01
#plot   14   21 0.2080 0.8000   0.109500E+01
#plot   14   22 0.2080 0.8400   0.110033E+01
#plot   14   23 0.2080 0.8800   0.110571E+01
#plot   14   24 0.2080 0.9200   0.111116E+01
#plot   14   25 0.2080 0.9600   0.111668E+01
#plot   14   26 0.2080 1.0000   0.112226E+01
 14 .208    1.000   1.004   1.009   1.013   1.017   1.022   1.026   1.031   1.036   1.040   1.045   1.050   1.055   1.059   1.064   1.069   1.074   1.079   1.085   1.090   1.095   1.100   1.106   1.111   1.117   1.122
#plot   15    1 0.2240 0.0000   0.100000E+01
#plot   15    2 0.2240 0.0400   0.100498E+01
#plot   15    3 0.2240 0.0800   0.101002E+01
#plot   15    4 0.2240 0.1200   0.101512E+01
#plot   15    5 0.2240 0.1600   0.102028E+01
#plot   15    6 0.2240 0.2000   0.102550E+01
#plot   15    7 0.2240 0.2400   0.103079E+01
#plot   15    8 0.2240 0.2800   0.103613E+01
#plot   15    9 0.2240 0.3200   0.104155E+01
#plot   15   10 0.2240 0.3600   0.104703E+01
#plot   15   11 0.2240 0.4000   0.105258E+01
#plot   15   12 0.2240 0.4400   0.105821E+01
#plot   15   13 0.2240 0.4800   0.106390E+01
#plot   15   14 0.2240 0.5200   0.106967E+01
#plot   15   15 0.2240 0.5600   0.107551E+01
#plot   15   16 0.2240 0.6000   0.108143E+01
#plot   15   17 0.2240 0.6400   0.108742E+01
#plot   15   18 0.2240 0.6800   0.109350E+01
#plot   15   19 0.2240 0.7200   0.109966E+01
#plot   15   20 0.2240 0.7600   0.110590E+01
#plot   15   21 0.2240 0.8000   0.111223E+01
#plot   15   22 0.2240 0.8400   0.111865E+01
#plot   15   23 0.2240 0.8800   0.112516E+01
#plot   15   24 0.2240 0.9200   0.113176E+01
#plot   15   25 0.2240 0.9600   0.113845E+01
#plot   15   26 0.2240 1.0000   0.114524E+01
 15 .224    1.000   1.005   1.010   1.015   1.020   1.026   1.031   1.036   1.042   1.047   1.053   1.058   1.064   1.070   1.076   1.081   1.087   1.094   1.100   1.106   1.112   1.119   1.125   1.132   1.138   1.145
#plot   16    1 0.2400 0.0000   0.100000E+01
#plot   16    2 0.2400 0.0400   0.100572E+01
#plot   16    3 0.2400 0.0800   0.101152E+01
#plot   16    4 0.2400 0.1200   0.101740E+01
#plot   16    5 0.2400 0.1600   0.102336E+01
#plot   16    6 0.2400 0.2000   0.102940E+01
#plot   16    7 0.2400 0.2400   0.103553E+01
#plot   16    8 0.2400 0.2800   0.104174E+01
#plot   16    9 0.2400 0.3200   0.104805E+01
#plot   16   10 0.2400 0.3600   0.105444E+01
#plot   16   11 0.2400 0.4000   0.106093E+01
#plot   16   12 0.2400 0.4400   0.106751E+01
#plot   16   13 0.2400 0.4800   0.107419E+01
#plot   16   14 0.2400 0.5200   0.108097E+01
#plot   16   15 0.2400 0.5600   0.108786E+01
#plot   16   16 0.2400 0.6000   0.109485E+01
#plot   16   17 0.2400 0.6400   0.110194E+01
#plot   16   18 0.2400 0.6800   0.110915E+01
#plot   16   19 0.2400 0.7200   0.111648E+01
#plot   16   20 0.2400 0.7600   0.112392E+01
#plot   16   21 0.2400 0.8000   0.113148E+01
#plot   16   22 0.2400 0.8400   0.113917E+01
#plot   16   23 0.2400 0.8800   0.114699E+01
#plot   16   24 0.2400 0.9200   0.115494E+01
#plot   16   25 0.2400 0.9600   0.116302E+01
#plot   16   26 0.2400 1.0000   0.117124E+01
 16 .240    1.000   1.006   1.012   1.017   1.023   1.029   1.036   1.042   1.048   1.054   1.061   1.068   1.074   1.081   1.088   1.095   1.102   1.109   1.116   1.124   1.131   1.139   1.147   1.155   1.163   1.171
#plot   17    1 0.2560 0.0000   0.100000E+01
#plot   17    2 0.2560 0.0400   0.100652E+01
#plot   17    3 0.2560 0.0800   0.101313E+01
#plot   17    4 0.2560 0.1200   0.101986E+01
#plot   17    5 0.2560 0.1600   0.102668E+01
#plot   17    6 0.2560 0.2000   0.103362E+01
#plot   17    7 0.2560 0.2400   0.104066E+01
#plot   17    8 0.2560 0.2800   0.104782E+01
#plot   17    9 0.2560 0.3200   0.105510E+01
#plot   17   10 0.2560 0.3600   0.106250E+01
#plot   17   11 0.2560 0.4000   0.107002E+01
#plot   17   12 0.2560 0.4400   0.107767E+01
#plot   17   13 0.2560 0.4800   0.108546E+01
#plot   17   14 0.2560 0.5200   0.109338E+01
#plot   17   15 0.2560 0.5600   0.110144E+01
#plot   17   16 0.2560 0.6000   0.110964E+01
#plot   17   17 0.2560 0.6400   0.111799E+01
#plot   17   18 0.2560 0.6800   0.112650E+01
#plot   17   19 0.2560 0.7200   0.113516E+01
#plot   17   20 0.2560 0.7600   0.114399E+01
#plot   17   21 0.2560 0.8000   0.115298E+01
#plot   17   22 0.2560 0.8400   0.116215E+01
#plot   17   23 0.2560 0.8800   0.117150E+01
#plot   17   24 0.2560 0.9200   0.118103E+01
#plot   17   25 0.2560 0.9600   0.119076E+01
#plot   17   26 0.2560 1.0000   0.120068E+01
 17 .256    1.000   1.007   1.013   1.020   1.027   1.034   1.041   1.048   1.055   1.062   1.070   1.078   1.085   1.093   1.101   1.110   1.118   1.126   1.135   1.144   1.153   1.162   1.171   1.181   1.191   1.201
#plot   18    1 0.2720 0.0000   0.100000E+01
#plot   18    2 0.2720 0.0400   0.100736E+01
#plot   18    3 0.2720 0.0800   0.101486E+01
#plot   18    4 0.2720 0.1200   0.102248E+01
#plot   18    5 0.2720 0.1600   0.103024E+01
#plot   18    6 0.2720 0.2000   0.103814E+01
#plot   18    7 0.2720 0.2400   0.104619E+01
#plot   18    8 0.2720 0.2800   0.105438E+01
#plot   18    9 0.2720 0.3200   0.106273E+01
#plot   18   10 0.2720 0.3600   0.107124E+01
#plot   18   11 0.2720 0.4000   0.107991E+01
#plot   18   12 0.2720 0.4400   0.108875E+01
#plot   18   13 0.2720 0.4800   0.109777E+01
#plot   18   14 0.2720 0.5200   0.110696E+01
#plot   18   15 0.2720 0.5600   0.111635E+01
#plot   18   16 0.2720 0.6000   0.112593E+01
#plot   18   17 0.2720 0.6400   0.113571E+01
#plot   18   18 0.2720 0.6800   0.114569E+01
#plot   18   19 0.2720 0.7200   0.115590E+01
#plot   18   20 0.2720 0.7600   0.116633E+01
#plot   18   21 0.2720 0.8000   0.117699E+01
#plot   18   22 0.2720 0.8400   0.118789E+01
#plot   18   23 0.2720 0.8800   0.119904E+01
#plot   18   24 0.2720 0.9200   0.121046E+01
#plot   18   25 0.2720 0.9600   0.122214E+01
#plot   18   26 0.2720 1.0000   0.123411E+01
 18 .272    1.000   1.007   1.015   1.022   1.030   1.038   1.046   1.054   1.063   1.071   1.080   1.089   1.098   1.107   1.116   1.126   1.136   1.146   1.156   1.166   1.177   1.188   1.199   1.210   1.222   1.234
#plot   19    1 0.2880 0.0000   0.100000E+01
#plot   19    2 0.2880 0.0400   0.100827E+01
#plot   19    3 0.2880 0.0800   0.101669E+01
#plot   19    4 0.2880 0.1200   0.102529E+01
#plot   19    5 0.2880 0.1600   0.103405E+01
#plot   19    6 0.2880 0.2000   0.104300E+01
#plot   19    7 0.2880 0.2400   0.105213E+01
#plot   19    8 0.2880 0.2800   0.106145E+01
#plot   19    9 0.2880 0.3200   0.107097E+01
#plot   19   10 0.2880 0.3600   0.108070E+01
#plot   19   11 0.2880 0.4000   0.109064E+01
#plot   19   12 0.2880 0.4400   0.110080E+01
#plot   19   13 0.2880 0.4800   0.111119E+01
#plot   19   14 0.2880 0.5200   0.112183E+01
#plot   19   15 0.2880 0.5600   0.113271E+01
#plot   19   16 0.2880 0.6000   0.114385E+01
#plot   19   17 0.2880 0.6400   0.115526E+01
#plot   19   18 0.2880 0.6800   0.116695E+01
#plot   19   19 0.2880 0.7200   0.117893E+01
#plot   19   20 0.2880 0.7600   0.119122E+01
#plot   19   21 0.2880 0.8000   0.120383E+01
#plot   19   22 0.2880 0.8400   0.121677E+01
#plot   19   23 0.2880 0.8800   0.123006E+01
#plot   19   24 0.2880 0.9200   0.124372E+01
#plot   19   25 0.2880 0.9600   0.125776E+01
#plot   19   26 0.2880 1.0000   0.127220E+01
 19 .288    1.000   1.008   1.017   1.025   1.034   1.043   1.052   1.061   1.071   1.081   1.091   1.101   1.111   1.122   1.133   1.144   1.155   1.167   1.179   1.191   1.204   1.217   1.230   1.244   1.258   1.272
#plot   20    1 0.3040 0.0000   0.100000E+01
#plot   20    2 0.3040 0.0400   0.100922E+01
#plot   20    3 0.3040 0.0800   0.101864E+01
#plot   20    4 0.3040 0.1200   0.102827E+01
#plot   20    5 0.3040 0.1600   0.103812E+01
#plot   20    6 0.3040 0.2000   0.104819E+01
#plot   20    7 0.3040 0.2400   0.105850E+01
#plot   20    8 0.3040 0.2800   0.106905E+01
#plot   20    9 0.3040 0.3200   0.107985E+01
#plot   20   10 0.3040 0.3600   0.109092E+01
#plot   20   11 0.3040 0.4000   0.110226E+01
#plot   20   12 0.3040 0.4400   0.111389E+01
#plot   20   13 0.3040 0.4800   0.112583E+01
#plot   20   14 0.3040 0.5200   0.113807E+01
#plot   20   15 0.3040 0.5600   0.115064E+01
#plot   20   16 0.3040 0.6000   0.116356E+01
#plot   20   17 0.3040 0.6400   0.117684E+01
#plot   20   18 0.3040 0.6800   0.119049E+01
#plot   20   19 0.3040 0.7200   0.120454E+01
#plot   20   20 0.3040 0.7600   0.121900E+01
#plot   20   21 0.3040 0.8000   0.123390E+01
#plot   20   22 0.3040 0.8400   0.124926E+01
#plot   20   23 0.3040 0.8800   0.126511E+01
#plot   20   24 0.3040 0.9200   0.128146E+01
#plot   20   25 0.3040 0.9600   0.129836E+01
#plot   20   26 0.3040 1.0000   0.131582E+01
 20 .304    1.000   1.009   1.019   1.028   1.038   1.048   1.058   1.069   1.080   1.091   1.102   1.114   1.126   1.138   1.151   1.164   1.177   1.190   1.205   1.219   1.234   1.249   1.265   1.281   1.298   1.316
#plot   21    1 0.3200 0.0000   0.100000E+01
#plot   21    2 0.3200 0.0400   0.101023E+01
#plot   21    3 0.3200 0.0800   0.102070E+01
#plot   21    4 0.3200 0.1200   0.103144E+01
#plot   21    5 0.3200 0.1600   0.104244E+01
#plot   21    6 0.3200 0.2000   0.105373E+01
#plot   21    7 0.3200 0.2400   0.106531E+01
#plot   21    8 0.3200 0.2800   0.107719E+01
#plot   21    9 0.3200 0.3200   0.108940E+01
#plot   21   10 0.3200 0.3600   0.110194E+01
#plot   21   11 0.3200 0.4000   0.111484E+01
#plot   21   12 0.3200 0.4400   0.112811E+01
#plot   21   13 0.3200 0.4800   0.114176E+01
#plot   21   14 0.3200 0.5200   0.115583E+01
#plot   21   15 0.3200 0.5600   0.117032E+01
#plot   21   16 0.3200 0.6000   0.118526E+01
#plot   21   17 0.3200 0.6400   0.120068E+01
#plot   21   18 0.3200 0.6800   0.121661E+01
#plot   21   19 0.3200 0.7200   0.123306E+01
#plot   21   20 0.3200 0.7600   0.125008E+01
#plot   21   21 0.3200 0.8000   0.126770E+01
#plot   21   22 0.3200 0.8400   0.128595E+01
#plot   21   23 0.3200 0.8800   0.130487E+01
#plot   21   24 0.3200 0.9200   0.132450E+01
#plot   21   25 0.3200 0.9600   0.134490E+01
#plot   21   26 0.3200 1.0000   0.136612E+01
 21 .320    1.000   1.010   1.021   1.031   1.042   1.054   1.065   1.077   1.089   1.102   1.115   1.128   1.142   1.156   1.170   1.185   1.201   1.217   1.233   1.250   1.268   1.286   1.305   1.325   1.345   1.366
#plot   22    1 0.3360 0.0000   0.100000E+01
#plot   22    2 0.3360 0.0400   0.101129E+01
#plot   22    3 0.3360 0.0800   0.102288E+01
#plot   22    4 0.3360 0.1200   0.103479E+01
#plot   22    5 0.3360 0.1600   0.104703E+01
#plot   22    6 0.3360 0.2000   0.105962E+01
#plot   22    7 0.3360 0.2400   0.107258E+01
#plot   22    8 0.3360 0.2800   0.108592E+01
#plot   22    9 0.3360 0.3200   0.109966E+01
#plot   22   10 0.3360 0.3600   0.111383E+01
#plot   22   11 0.3360 0.4000   0.112844E+01
#plot   22   12 0.3360 0.4400   0.114353E+01
#plot   22   13 0.3360 0.4800   0.115912E+01
#plot   22   14 0.3360 0.5200   0.117524E+01
#plot   22   15 0.3360 0.5600   0.119191E+01
#plot   22   16 0.3360 0.6000   0.120918E+01
#plot   22   17 0.3360 0.6400   0.122708E+01
#plot   22   18 0.3360 0.6800   0.124565E+01
#plot   22   19 0.3360 0.7200   0.126493E+01
#plot   22   20 0.3360 0.7600   0.128497E+01
#plot   22   21 0.3360 0.8000   0.130583E+01
#plot   22   22 0.3360 0.8400   0.132756E+01
#plot   22   23 0.3360 0.8800   0.135023E+01
#plot   22   24 0.3360 0.9200   0.137391E+01
#plot   22   25 0.3360 0.9600   0.139867E+01
#plot   22   26 0.3360 1.0000   0.142461E+01
 22 .336    1.000   1.011   1.023   1.035   1.047   1.060   1.073   1.086   1.100   1.114   1.128   1.144   1.159   1.175   1.192   1.209   1.227   1.246   1.265   1.285   1.306   1.328   1.350   1.374   1.399   1.425
#plot   23    1 0.3520 0.0000   0.100000E+01
#plot   23    2 0.3520 0.0400   0.101241E+01
#plot   23    3 0.3520 0.0800   0.102518E+01
#plot   23    4 0.3520 0.1200   0.103834E+01
#plot   23    5 0.3520 0.1600   0.105190E+01
#plot   23    6 0.3520 0.2000   0.106589E+01
#plot   23    7 0.3520 0.2400   0.108033E+01
#plot   23    8 0.3520 0.2800   0.109525E+01
#plot   23    9 0.3520 0.3200   0.111067E+01
#plot   23   10 0.3520 0.3600   0.112663E+01
#plot   23   11 0.3520 0.4000   0.114315E+01
#plot   23   12 0.3520 0.4400   0.116027E+01
#plot   23   13 0.3520 0.4800   0.117803E+01
#plot   23   14 0.3520 0.5200   0.119647E+01
#plot   23   15 0.3520 0.5600   0.121564E+01
#plot   23   16 0.3520 0.6000   0.123558E+01
#plot   23   17 0.3520 0.6400   0.125635E+01
#plot   23   18 0.3520 0.6800   0.127802E+01
#plot   23   19 0.3520 0.7200   0.130064E+01
#plot   23   20 0.3520 0.7600   0.132430E+01
#plot   23   21 0.3520 0.8000   0.134908E+01
#plot   23   22 0.3520 0.8400   0.137506E+01
#plot   23   23 0.3520 0.8800   0.140236E+01
#plot   23   24 0.3520 0.9200   0.143109E+01
#plot   23   25 0.3520 0.9600   0.146139E+01
#plot   23   26 0.3520 1.0000   0.149340E+01
 23 .352    1.000   1.012   1.025   1.038   1.052   1.066   1.080   1.095   1.111   1.127   1.143   1.160   1.178   1.196   1.216   1.236   1.256   1.278   1.301   1.324   1.349   1.375   1.402   1.431   1.461   1.493
#plot   24    1 0.3680 0.0000   0.100000E+01
#plot   24    2 0.3680 0.0400   0.101358E+01
#plot   24    3 0.3680 0.0800   0.102760E+01
#plot   24    4 0.3680 0.1200   0.104208E+01
#plot   24    5 0.3680 0.1600   0.105705E+01
#plot   24    6 0.3680 0.2000   0.107255E+01
#plot   24    7 0.3680 0.2400   0.108860E+01
#plot   24    8 0.3680 0.2800   0.110523E+01
#plot   24    9 0.3680 0.3200   0.112249E+01
#plot   24   10 0.3680 0.3600   0.114041E+01
#plot   24   11 0.3680 0.4000   0.115905E+01
#plot   24   12 0.3680 0.4400   0.117844E+01
#plot   24   13 0.3680 0.4800   0.119865E+01
#plot   24   14 0.3680 0.5200   0.121973E+01
#plot   24   15 0.3680 0.5600   0.124176E+01
#plot   24   16 0.3680 0.6000   0.126479E+01
#plot   24   17 0.3680 0.6400   0.128893E+01
#plot   24   18 0.3680 0.6800   0.131425E+01
#plot   24   19 0.3680 0.7200   0.134086E+01
#plot   24   20 0.3680 0.7600   0.136888E+01
#plot   24   21 0.3680 0.8000   0.139844E+01
#plot   24   22 0.3680 0.8400   0.142969E+01
#plot   24   23 0.3680 0.8800   0.146281E+01
#plot   24   24 0.3680 0.9200   0.149797E+01
#plot   24   25 0.3680 0.9600   0.153543E+01
#plot   24   26 0.3680 1.0000   0.157543E+01
 24 .368    1.000   1.014   1.028   1.042   1.057   1.073   1.089   1.105   1.122   1.140   1.159   1.178   1.199   1.220   1.242   1.265   1.289   1.314   1.341   1.369   1.398   1.430   1.463   1.498   1.535   1.575
#plot   25    1 0.3840 0.0000   0.100000E+01
#plot   25    2 0.3840 0.0400   0.101481E+01
#plot   25    3 0.3840 0.0800   0.103013E+01
#plot   25    4 0.3840 0.1200   0.104602E+01
#plot   25    5 0.3840 0.1600   0.106250E+01
#plot   25    6 0.3840 0.2000   0.107961E+01
#plot   25    7 0.3840 0.2400   0.109739E+01
#plot   25    8 0.3840 0.2800   0.111589E+01
#plot   25    9 0.3840 0.3200   0.113516E+01
#plot   25   10 0.3840 0.3600   0.115526E+01
#plot   25   11 0.3840 0.4000   0.117624E+01
#plot   25   12 0.3840 0.4400   0.119818E+01
#plot   25   13 0.3840 0.4800   0.122116E+01
#plot   25   14 0.3840 0.5200   0.124526E+01
#plot   25   15 0.3840 0.5600   0.127057E+01
#plot   25   16 0.3840 0.6000   0.129721E+01
#plot   25   17 0.3840 0.6400   0.132530E+01
#plot   25   18 0.3840 0.6800   0.135498E+01
#plot   25   19 0.3840 0.7200   0.138640E+01
#plot   25   20 0.3840 0.7600   0.141976E+01
#plot   25   21 0.3840 0.8000   0.145525E+01
#plot   25   22 0.3840 0.8400   0.149313E+01
#plot   25   23 0.3840 0.8800   0.153367E+01
#plot   25   24 0.3840 0.9200   0.157723E+01
#plot   25   25 0.3840 0.9600   0.162419E+01
#plot   25   26 0.3840 1.0000   0.167504E+01
 25 .384    1.000   1.015   1.030   1.046   1.062   1.080   1.097   1.116   1.135   1.155   1.176   1.198   1.221   1.245   1.271   1.297   1.325   1.355   1.386   1.420   1.455   1.493   1.534   1.577   1.624   1.675
#plot   26    1 0.4000 0.0000   0.100000E+01
#plot   26    2 0.4000 0.0400   0.101609E+01
#plot   26    3 0.4000 0.0800   0.103280E+01
#plot   26    4 0.4000 0.1200   0.105017E+01
#plot   26    5 0.4000 0.1600   0.106825E+01
#plot   26    6 0.4000 0.2000   0.108709E+01
#plot   26    7 0.4000 0.2400   0.110674E+01
#plot   26    8 0.4000 0.2800   0.112727E+01
#plot   26    9 0.4000 0.3200   0.114874E+01
#plot   26   10 0.4000 0.3600   0.117124E+01
#plot   26   11 0.4000 0.4000   0.119484E+01
#plot   26   12 0.4000 0.4400   0.121965E+01
#plot   26   13 0.4000 0.4800   0.124577E+01
#plot   26   14 0.4000 0.5200   0.127333E+01
#plot   26   15 0.4000 0.5600   0.130246E+01
#plot   26   16 0.4000 0.6000   0.133333E+01
#plot   26   17 0.4000 0.6400   0.136612E+01
#plot   26   18 0.4000 0.6800   0.140103E+01
#plot   26   19 0.4000 0.7200   0.143833E+01
#plot   26   20 0.4000 0.7600   0.147829E+01
#plot   26   21 0.4000 0.8000   0.152127E+01
#plot   26   22 0.4000 0.8400   0.156766E+01
#plot   26   23 0.4000 0.8800   0.161795E+01
#plot   26   24 0.4000 0.9200   0.167274E+01
#plot   26   25 0.4000 0.9600   0.173276E+01
#plot   26   26 0.4000 1.0000   0.179891E+01
 26 .400    1.000   1.016   1.033   1.050   1.068   1.087   1.107   1.127   1.149   1.171   1.195   1.220   1.246   1.273   1.302   1.333   1.366   1.401   1.438   1.478   1.521   1.568   1.618   1.673   1.733   1.799
