# getMmMb vers. 0.4 starts...
#ROWS=   51
#COLS=   11
#theta=  0.7853982E+00   #radians =  45.00 deg.
#iaoc iaob a/c a/B         Mm          Mb
  1  1 0.000  0.00  0.9583645E+00  0.9583645E+00
  1  2 0.000  0.10  0.9929205E+00  0.8843038E+00
  1  3 0.000  0.20  0.1109918E+01  0.8814590E+00
  1  4 0.000  0.30  0.1349462E+01  0.9580750E+00
  1  5 0.000  0.40  0.1778791E+01  0.1133692E+01
  1  6 0.000  0.50  0.2492859E+01  0.1434961E+01
  1  7 0.000  0.60  0.3615167E+01  0.1895124E+01
  1  8 0.000  0.70  0.5298818E+01  0.2556672E+01
  1  9 0.000  0.80  0.7727817E+01  0.3476787E+01
  1 10 0.000  0.90  0.1111860E+02  0.4735237E+01
  1 11 0.000  1.00  0.1572180E+02  0.6444471E+01

  2  1 0.040  0.00  0.9522585E+00  0.9522585E+00
  2  2 0.040  0.10  0.9796993E+00  0.8722834E+00
  2  3 0.040  0.20  0.1066493E+01  0.8445873E+00
  2  4 0.040  0.30  0.1226090E+01  0.8633127E+00
  2  5 0.040  0.40  0.1481044E+01  0.9276512E+00
  2  6 0.040  0.50  0.1863195E+01  0.1039799E+01
  2  7 0.040  0.60  0.2413956E+01  0.1203984E+01
  2  8 0.040  0.70  0.3184653E+01  0.1426407E+01
  2  9 0.040  0.80  0.4236962E+01  0.1716002E+01
  2 10 0.040  0.90  0.5643410E+01  0.2085877E+01
  2 11 0.040  1.00  0.7487965E+01  0.2555395E+01

  3  1 0.080  0.00  0.9431428E+00  0.9431428E+00
  3  2 0.080  0.10  0.9656799E+00  0.8598511E+00
  3  3 0.080  0.20  0.1034403E+01  0.8181156E+00
  3  4 0.080  0.30  0.1152655E+01  0.8079661E+00
  3  5 0.080  0.40  0.1326040E+01  0.8222334E+00
  3  6 0.080  0.50  0.1562468E+01  0.8558200E+00
  3  7 0.080  0.60  0.1872218E+01  0.9052181E+00
  3  8 0.080  0.70  0.2268024E+01  0.9682406E+00
  3  9 0.080  0.80  0.2765174E+01  0.1043938E+01
  3 10 0.080  0.90  0.3381628E+01  0.1132676E+01
  3 11 0.080  1.00  0.4138160E+01  0.1236350E+01

  4  1 0.120  0.00  0.9321894E+00  0.9321894E+00
  4  2 0.120  0.10  0.9511277E+00  0.8470263E+00
  4  3 0.120  0.20  0.1007862E+01  0.7964666E+00
  4  4 0.120  0.30  0.1102147E+01  0.7700061E+00
  4  5 0.120  0.40  0.1233572E+01  0.7589690E+00
  4  6 0.120  0.50  0.1401553E+01  0.7563837E+00
  4  7 0.120  0.60  0.1605320E+01  0.7568552E+00
  4  8 0.120  0.70  0.1843911E+01  0.7564332E+00
  4  9 0.120  0.80  0.2116153E+01  0.7524781E+00
  4 10 0.120  0.90  0.2420649E+01  0.7435257E+00
  4 11 0.120  1.00  0.2755751E+01  0.7291518E+00

  5  1 0.160  0.00  0.9199722E+00  0.9199722E+00
  5  2 0.160  0.10  0.9361417E+00  0.8338597E+00
  5  3 0.160  0.20  0.9841906E+00  0.7773454E+00
  5  4 0.160  0.30  0.1062735E+01  0.7405686E+00
  5  5 0.160  0.40  0.1169453E+01  0.7149956E+00
  5  6 0.160  0.50  0.1301062E+01  0.6935524E+00
  5  7 0.160  0.60  0.1453286E+01  0.6706852E+00
  5  8 0.160  0.70  0.1620814E+01  0.6423614E+00
  5  9 0.160  0.80  0.1797250E+01  0.6060208E+00
  5 10 0.160  0.90  0.1975052E+01  0.5604837E+00
  5 11 0.160  1.00  0.2145465E+01  0.5058261E+00

  6  1 0.200  0.00  0.9068918E+00  0.9068918E+00
  6  2 0.200  0.10  0.9208581E+00  0.8204551E+00
  6  3 0.200  0.20  0.9622079E+00  0.7597374E+00
  6  4 0.200  0.30  0.1029288E+01  0.7158166E+00
  6  5 0.200  0.40  0.1119327E+01  0.6807927E+00
  6  6 0.200  0.50  0.1228406E+01  0.6480209E+00
  6  7 0.200  0.60  0.1351422E+01  0.6122648E+00
  6  8 0.200  0.70  0.1482043E+01  0.5697833E+00
  6  9 0.200  0.80  0.1612642E+01  0.5183609E+00
  6 10 0.200  0.90  0.1734238E+01  0.4572926E+00
  6 11 0.200  1.00  0.1836406E+01  0.3873309E+00

  7  1 0.240  0.00  0.8932539E+00  0.8932539E+00
  7  2 0.240  0.10  0.9054239E+00  0.8069332E+00
  7  3 0.240  0.20  0.9413912E+00  0.7431824E+00
  7  4 0.240  0.30  0.9995230E+00  0.6940172E+00
  7  5 0.240  0.40  0.1077080E+01  0.6522635E+00
  7  6 0.240  0.50  0.1170192E+01  0.6118284E+00
  7  7 0.240  0.60  0.1273818E+01  0.5678980E+00
  7  8 0.240  0.70  0.1381704E+01  0.5170741E+00
  7  9 0.240  0.80  0.1486320E+01  0.4574611E+00
  7 10 0.240  0.90  0.1578798E+01  0.3887128E+00
  7 11 0.240  1.00  0.1648848E+01  0.3120455E+00

  8  1 0.280  0.00  0.8792981E+00  0.8792981E+00
  8  2 0.280  0.10  0.8899769E+00  0.7934096E+00
  8  3 0.280  0.20  0.9215055E+00  0.7274635E+00
  8  4 0.280  0.30  0.9723555E+00  0.6743261E+00
  8  5 0.280  0.40  0.1039963E+01  0.6275176E+00
  8  6 0.280  0.50  0.1120707E+01  0.5814930E+00
  8  7 0.280  0.60  0.1209869E+01  0.5318604E+00
  8  8 0.280  0.70  0.1301596E+01  0.4755469E+00
  8  9 0.280  0.80  0.1388844E+01  0.4109235E+00
  8 10 0.280  0.90  0.1463315E+01  0.3378952E+00
  8 11 0.280  1.00  0.1515385E+01  0.2579657E+00

  9  1 0.320  0.00  0.8652132E+00  0.8652132E+00
  9  2 0.320  0.10  0.8746367E+00  0.7799864E+00
  9  3 0.320  0.20  0.9024399E+00  0.7124709E+00
  9  4 0.320  0.30  0.9472168E+00  0.6562847E+00
  9  5 0.320  0.40  0.1006609E+01  0.6055793E+00
  9  6 0.320  0.50  0.1077285E+01  0.5553179E+00
  9  7 0.320  0.60  0.1154905E+01  0.5015032E+00
  9  8 0.320  0.70  0.1234085E+01  0.4413594E+00
  9  9 0.320  0.80  0.1308346E+01  0.3734812E+00
  9 10 0.320  0.90  0.1370057E+01  0.2979548E+00
  9 11 0.320  1.00  0.1410365E+01  0.2164576E+00

 10  1 0.360  0.00  0.8511469E+00  0.8511469E+00
 10  2 0.360  0.10  0.8595016E+00  0.7667478E+00
 10  3 0.360  0.20  0.8841380E+00  0.6981433E+00
 10  4 0.360  0.30  0.9237702E+00  0.6396126E+00
 10  5 0.360  0.40  0.9762407E+00  0.5858724E+00
 10  6 0.360  0.50  0.1038501E+01  0.5323492E+00
 10  7 0.360  0.60  0.1106582E+01  0.4754073E+00
 10  8 0.360  0.70  0.1175560E+01  0.4125397E+00
 10  9 0.360  0.80  0.1239507E+01  0.3425321E+00
 10 10 0.360  0.90  0.1291443E+01  0.2656034E+00
 10 11 0.360  1.00  0.1323272E+01  0.1835315E+00

 11  1 0.400  0.00  0.8372134E+00  0.8372134E+00
 11  2 0.400  0.10  0.8446493E+00  0.7537605E+00
 11  3 0.400  0.20  0.8665668E+00  0.6844416E+00
 11  4 0.400  0.30  0.9017914E+00  0.6241181E+00
 11  5 0.400  0.40  0.9483537E+00  0.5680128E+00
 11  6 0.400  0.50  0.1003470E+01  0.5119718E+00
 11  7 0.400  0.60  0.1063518E+01  0.4526885E+00
 11  8 0.400  0.70  0.1124001E+01  0.3878988E+00
 11  9 0.400  0.80  0.1179508E+01  0.3165515E+00
 11 10 0.400  0.90  0.1223668E+01  0.2389627E+00
 11 11 0.400  1.00  0.1249089E+01  0.1569573E+00

 12  1 0.440  0.00  0.8234989E+00  0.8234989E+00
 12  2 0.440  0.10  0.8301386E+00  0.7410749E+00
 12  3 0.440  0.20  0.8497017E+00  0.6713364E+00
 12  4 0.440  0.30  0.8811172E+00  0.6096599E+00
 12  5 0.440  0.40  0.9225885E+00  0.5517216E+00
 12  6 0.440  0.50  0.9715772E+00  0.4937475E+00
 12  7 0.440  0.60  0.1024779E+01  0.4327307E+00
 12  8 0.440  0.70  0.1078092E+01  0.3666248E+00
 12  9 0.440  0.80  0.1126583E+01  0.2945186E+00
 12 10 0.440  0.90  0.1164440E+01  0.2167962E+00
 12 11 0.440  1.00  0.1184923E+01  0.1352887E+00

 13  1 0.480  0.00  0.8100665E+00  0.8100665E+00
 13  2 0.480  0.10  0.8160113E+00  0.7287272E+00
 13  3 0.480  0.20  0.8335211E+00  0.6588024E+00
 13  4 0.480  0.30  0.8616198E+00  0.5961266E+00
 13  5 0.480  0.40  0.8986704E+00  0.5367838E+00
 13  6 0.480  0.50  0.9423591E+00  0.4773442E+00
 13  7 0.480  0.60  0.9896746E+00  0.4150729E+00
 13  8 0.480  0.70  0.1036880E+01  0.3481195E+00
 13  9 0.480  0.80  0.1079478E+01  0.2756914E+00
 13 10 0.480  0.90  0.1112173E+01  0.1982170E+00
 13 11 0.480  1.00  0.1128825E+01  0.1175012E+00

 14  1 0.520  0.00  0.7969611E+00  0.7969611E+00
 14  2 0.520  0.10  0.8022954E+00  0.7167412E+00
 14  3 0.520  0.20  0.8180029E+00  0.6468157E+00
 14  4 0.520  0.30  0.8431949E+00  0.5834274E+00
 14  5 0.520  0.40  0.8763807E+00  0.5230281E+00
 14  6 0.520  0.50  0.9154537E+00  0.4625005E+00
 14  7 0.520  0.60  0.9576723E+00  0.3993570E+00
 14  8 0.520  0.70  0.9996337E+00  0.3319229E+00
 14  9 0.520  0.80  0.1037244E+01  0.2595058E+00
 14 10 0.520  0.90  0.1065682E+01  0.1825585E+00
 14 11 0.520  1.00  0.1079356E+01  0.1028351E+00

 15  1 0.560  0.00  0.7842125E+00  0.7842125E+00
 15  2 0.560  0.10  0.7890075E+00  0.7051311E+00
 15  3 0.560  0.20  0.8031240E+00  0.6353524E+00
 15  4 0.560  0.30  0.8257535E+00  0.5714854E+00
 15  5 0.560  0.40  0.8555404E+00  0.5103144E+00
 15  6 0.560  0.50  0.8905689E+00  0.4490058E+00
 15  7 0.560  0.60  0.9283453E+00  0.3852974E+00
 15  8 0.560  0.70  0.9657753E+00  0.3176717E+00
 15  9 0.560  0.80  0.9991358E+00  0.2455212E+00
 15 10 0.560  0.90  0.1024042E+01  0.1693063E+00
 15 11 0.560  1.00  0.1035409E+01  0.9071042E-01

 16  1 0.600  0.00  0.7718385E+00  0.7718385E+00
 16  2 0.600  0.10  0.7761547E+00  0.6939026E+00
 16  3 0.600  0.20  0.7888591E+00  0.6243884E+00
 16  4 0.600  0.30  0.8092178E+00  0.5602341E+00
 16  5 0.600  0.40  0.8359993E+00  0.4985252E+00
 16  6 0.600  0.50  0.8674638E+00  0.4366872E+00
 16  7 0.600  0.60  0.9013465E+00  0.3726623E+00
 16  8 0.600  0.70  0.9348372E+00  0.3050746E+00
 16  9 0.600  0.80  0.9645545E+00  0.2333873E+00
 16 10 0.600  0.90  0.9865165E+00  0.1580558E+00
 16 11 0.600  1.00  0.9961054E+00  0.8067775E-01

 17  1 0.640  0.00  0.7598481E+00  0.7598481E+00
 17  2 0.640  0.10  0.7637370E+00  0.6830555E+00
 17  3 0.640  0.20  0.7751824E+00  0.6138994E+00
 17  4 0.640  0.30  0.7935187E+00  0.5496150E+00
 17  5 0.640  0.40  0.8176297E+00  0.4875616E+00
 17  6 0.640  0.50  0.8459376E+00  0.4254008E+00
 17  7 0.640  0.60  0.8763893E+00  0.3612614E+00
 17  8 0.640  0.70  0.9064366E+00  0.2938945E+00
 17  9 0.640  0.80  0.9330142E+00  0.2228225E+00
 17 10 0.640  0.90  0.9525115E+00  0.1484849E+00
 17 11 0.640  1.00  0.9607422E+00  0.7238286E-01

 18  1 0.680  0.00  0.7482427E+00  0.7482427E+00
 18  2 0.680  0.10  0.7517487E+00  0.6725844E+00
 18  3 0.680  0.20  0.7620665E+00  0.6038609E+00
 18  4 0.680  0.30  0.7785940E+00  0.5395758E+00
 18  5 0.680  0.40  0.8003210E+00  0.4773381E+00
 18  6 0.680  0.50  0.8258201E+00  0.4150252E+00
 18  7 0.680  0.60  0.8532336E+00  0.3509360E+00
 18  8 0.680  0.70  0.8802560E+00  0.2839359E+00
 18  9 0.680  0.80  0.9041137E+00  0.2135966E+00
 18 10 0.680  0.90  0.9215402E+00  0.1403335E+00
 18 11 0.680  1.00  0.9287477E+00  0.6554323E-01

 19  1 0.720  0.00  0.7370186E+00  0.7370186E+00
 19  2 0.720  0.10  0.7401802E+00  0.6624807E+00
 19  3 0.720  0.20  0.7494841E+00  0.5942485E+00
 19  4 0.720  0.30  0.7643868E+00  0.5300698E+00
 19  5 0.720  0.40  0.7839769E+00  0.4677811E+00
 19  6 0.720  0.50  0.8069657E+00  0.4054572E+00
 19  7 0.720  0.60  0.8316768E+00  0.3415529E+00
 19  8 0.720  0.70  0.8560294E+00  0.2750365E+00
 19  9 0.720  0.80  0.8775202E+00  0.2055203E+00
 19 10 0.720  0.90  0.8932011E+00  0.1333895E+00
 19 11 0.720  1.00  0.8996537E+00  0.5993109E-01

 20  1 0.760  0.00  0.7261682E+00  0.7261682E+00
 20  2 0.760  0.10  0.7290186E+00  0.6527326E+00
 20  3 0.760  0.20  0.7374074E+00  0.5850384E+00
 20  4 0.760  0.30  0.7508453E+00  0.5210544E+00
 20  5 0.760  0.40  0.7685121E+00  0.4588256E+00
 20  6 0.760  0.50  0.7892485E+00  0.3966082E+00
 20  7 0.760  0.60  0.8115458E+00  0.3329993E+00
 20  8 0.760  0.70  0.8335317E+00  0.2670600E+00
 20  9 0.760  0.80  0.8529538E+00  0.1984365E+00
 20 10 0.760  0.90  0.8671593E+00  0.1274785E+00
 20 11 0.760  1.00  0.8730723E+00  0.5536075E-01

 21  1 0.800  0.00  0.7156808E+00  0.7156808E+00
 21  2 0.800  0.10  0.7182494E+00  0.6433274E+00
 21  3 0.800  0.20  0.7258091E+00  0.5762070E+00
 21  4 0.800  0.30  0.7379215E+00  0.5124910E+00
 21  5 0.800  0.40  0.7538513E+00  0.4504150E+00
 21  6 0.800  0.50  0.7725589E+00  0.3884016E+00
 21  7 0.800  0.60  0.7926918E+00  0.3251786E+00
 21  8 0.800  0.70  0.8125713E+00  0.2598913E+00
 21  9 0.800  0.80  0.8301781E+00  0.1922131E+00
 21 10 0.800  0.90  0.8431336E+00  0.1224556E+00
 21 11 0.800  1.00  0.8486803E+00  0.5167951E-01

 22  1 0.840  0.00  0.7055444E+00  0.7055444E+00
 22  2 0.840  0.10  0.7078565E+00  0.6342508E+00
 22  3 0.840  0.20  0.7146629E+00  0.5677322E+00
 22  4 0.840  0.30  0.7255720E+00  0.5043447E+00
 22  5 0.840  0.40  0.7399275E+00  0.4424989E+00
 22  6 0.840  0.50  0.7568014E+00  0.3807708E+00
 22  7 0.840  0.60  0.7749865E+00  0.3180080E+00
 22  8 0.840  0.70  0.7929841E+00  0.2534321E+00
 22  9 0.840  0.80  0.8089918E+00  0.1867389E+00
 22 10 0.840  0.90  0.8208864E+00  0.1181993E+00
 22 11 0.840  1.00  0.8262063E+00  0.4876039E-01

 23  1 0.880  0.00  0.6957449E+00  0.6957449E+00
 23  2 0.880  0.10  0.6978233E+00  0.6254876E+00
 23  3 0.880  0.20  0.7039430E+00  0.5595921E+00
 23  4 0.880  0.30  0.7137563E+00  0.4965832E+00
 23  5 0.880  0.40  0.7266804E+00  0.4350326E+00
 23  6 0.880  0.50  0.7418915E+00  0.3736575E+00
 23  7 0.880  0.60  0.7583175E+00  0.3114159E+00
 23  8 0.880  0.70  0.7746279E+00  0.2475984E+00
 23  9 0.880  0.80  0.7892221E+00  0.1819195E+00
 23 10 0.880  0.90  0.8002149E+00  0.1146075E+00
 23 11 0.880  1.00  0.8054205E+00  0.4649751E-01

 24  1 0.920  0.00  0.6862683E+00  0.6862683E+00
 24  2 0.920  0.10  0.6881329E+00  0.6170234E+00
 24  3 0.920  0.20  0.6936247E+00  0.5517663E+00
 24  4 0.920  0.30  0.7024372E+00  0.4891773E+00
 24  5 0.920  0.40  0.7140561E+00  0.4279762E+00
 24  6 0.920  0.50  0.7277547E+00  0.3670106E+00
 24  7 0.920  0.60  0.7425871E+00  0.3053398E+00
 24  8 0.920  0.70  0.7573797E+00  0.2423179E+00
 24  9 0.920  0.80  0.7707202E+00  0.1776738E+00
 24 10 0.920  0.90  0.7809457E+00  0.1115932E+00
 24 11 0.920  1.00  0.7861278E+00  0.4480135E-01

 25  1 0.960  0.00  0.6770998E+00  0.6770998E+00
 25  2 0.960  0.10  0.6787683E+00  0.6088427E+00
 25  3 0.960  0.20  0.6836847E+00  0.5442352E+00
 25  4 0.960  0.30  0.6915806E+00  0.4821001E+00
 25  5 0.960  0.40  0.7020059E+00  0.4212939E+00
 25  6 0.960  0.50  0.7143246E+00  0.3607846E+00
 25  7 0.960  0.60  0.7277090E+00  0.2997253E+00
 25  8 0.960  0.70  0.7411317E+00  0.2375274E+00
 25  9 0.960  0.80  0.7533570E+00  0.1739322E+00
 25 10 0.960  0.90  0.7629293E+00  0.1090823E+00
 25 11 0.960  1.00  0.7681608E+00  0.4359591E-01

 26  1 1.000  0.00  0.6682250E+00  0.6682250E+00
 26  2 1.000  0.10  0.6697024E+00  0.6009215E+00
 26  3 1.000  0.20  0.6740538E+00  0.5369433E+00
 26  4 1.000  0.30  0.6810378E+00  0.4752454E+00
 26  5 1.000  0.40  0.6902487E+00  0.4148113E+00
 26  6 1.000  0.50  0.7011133E+00  0.3547226E+00
 26  7 1.000  0.60  0.7128860E+00  0.2942270E+00
 26  8 1.000  0.70  0.7246412E+00  0.2328036E+00
 26  9 1.000  0.80  0.7352654E+00  0.1702285E+00
 26 10 1.000  0.90  0.7434474E+00  0.1066398E+00
 26 11 1.000  1.00  0.7476667E+00  0.4260518E-01

 27  1 1.040  0.00  0.6604313E+00  0.6604313E+00
 27  2 1.040  0.10  0.6617234E+00  0.5923300E+00
 27  3 1.040  0.20  0.6655300E+00  0.5273662E+00
 27  4 1.040  0.30  0.6716423E+00  0.4645894E+00
 27  5 1.040  0.40  0.6797096E+00  0.4030786E+00
 27  6 1.040  0.50  0.6892369E+00  0.3420035E+00
 27  7 1.040  0.60  0.6995800E+00  0.2806826E+00
 27  8 1.040  0.70  0.7099400E+00  0.2186418E+00
 27  9 1.040  0.80  0.7193566E+00  0.1556716E+00
 27 10 1.040  0.90  0.7266997E+00  0.9188488E-01
 27 11 1.040  1.00  0.7306600E+00  0.2777772E-01

 28  1 1.080  0.00  0.6529732E+00  0.6529732E+00
 28  2 1.080  0.10  0.6541101E+00  0.5841611E+00
 28  3 1.080  0.20  0.6574605E+00  0.5183564E+00
 28  4 1.080  0.30  0.6628425E+00  0.4546884E+00
 28  5 1.080  0.40  0.6699516E+00  0.3923169E+00
 28  6 1.080  0.50  0.6783578E+00  0.3304853E+00
 28  7 1.080  0.60  0.6875017E+00  0.2685719E+00
 28  8 1.080  0.70  0.6966900E+00  0.2061404E+00
 28  9 1.080  0.80  0.7050899E+00  0.1429907E+00
 28 10 1.080  0.90  0.7117221E+00  0.7921023E-01
 28 11 1.080  1.00  0.7154527E+00  0.1522752E-01

 29  1 1.120  0.00  0.6458212E+00  0.6458212E+00
 29  2 1.120  0.10  0.6468272E+00  0.5763760E+00
 29  3 1.120  0.20  0.6497926E+00  0.5098526E+00
 29  4 1.120  0.30  0.6545585E+00  0.4454484E+00
 29  5 1.120  0.40  0.6608590E+00  0.3823917E+00
 29  6 1.120  0.50  0.6683187E+00  0.3199882E+00
 29  7 1.120  0.60  0.6764495E+00  0.2576660E+00
 29  8 1.120  0.70  0.6846467E+00  0.1950200E+00
 29  9 1.120  0.80  0.6921844E+00  0.1318561E+00
 29 10 1.120  0.90  0.6982094E+00  0.6823684E-01
 29 11 1.120  1.00  0.7017348E+00  0.4528310E-02

 30  1 1.160  0.00  0.6389486E+00  0.6389486E+00
 30  2 1.160  0.10  0.6398435E+00  0.5689402E+00
 30  3 1.160  0.20  0.6424820E+00  0.5018028E+00
 30  4 1.160  0.30  0.6467248E+00  0.4367917E+00
 30  5 1.160  0.40  0.6523386E+00  0.3731936E+00
 30  6 1.160  0.50  0.6589938E+00  0.3103671E+00
 30  7 1.160  0.60  0.6662630E+00  0.2477825E+00
 30  8 1.160  0.70  0.6736161E+00  0.1850603E+00
 30  9 1.160  0.80  0.6804174E+00  0.1220099E+00
 30 10 1.160  0.90  0.6859201E+00  0.5867000E-01
 30 11 1.160  1.00  0.6892610E+00 -0.4650060E-02

 31  1 1.200  0.00  0.6323329E+00  0.6323329E+00
 31  2 1.200  0.10  0.6331329E+00  0.5618244E+00
 31  3 1.200  0.20  0.6354922E+00  0.4941627E+00
 31  4 1.200  0.30  0.6392879E+00  0.4286532E+00
 31  5 1.200  0.40  0.6443147E+00  0.3646325E+00
 31  6 1.200  0.50  0.6502823E+00  0.3015046E+00
 31  7 1.200  0.60  0.6568141E+00  0.2387751E+00
 31  8 1.200  0.70  0.6634437E+00  0.1760856E+00
 31  9 1.200  0.80  0.6696120E+00  0.1132475E+00
 31 10 1.200  0.90  0.6746623E+00  0.5027721E-01
 31 11 1.200  1.00  0.6778364E+00 -0.1256708E-01

 32  1 1.240  0.00  0.6259537E+00  0.6259537E+00
 32  2 1.240  0.10  0.6266721E+00  0.5550020E+00
 32  3 1.240  0.20  0.6287916E+00  0.4868940E+00
 32  4 1.240  0.30  0.6322033E+00  0.4209781E+00
 32  5 1.240  0.40  0.6367254E+00  0.3566339E+00
 32  6 1.240  0.50  0.6421016E+00  0.2933041E+00
 32  7 1.240  0.60  0.6479986E+00  0.2305243E+00
 32  8 1.240  0.70  0.6540046E+00  0.1679539E+00
 32  9 1.240  0.80  0.6596254E+00  0.1054049E+00
 32 10 1.240  0.90  0.6642815E+00  0.4287333E-01
 32 11 1.240  1.00  0.6673038E+00 -0.1942881E-01

 33  1 1.280  0.00  0.6197931E+00  0.6197931E+00
 33  2 1.280  0.10  0.6204412E+00  0.5484502E+00
 33  3 1.280  0.20  0.6223534E+00  0.4799638E+00
 33  4 1.280  0.30  0.6254334E+00  0.4137198E+00
 33  5 1.280  0.40  0.6295195E+00  0.3491350E+00
 33  6 1.280  0.50  0.6343842E+00  0.2856852E+00
 33  7 1.280  0.60  0.6397319E+00  0.2229321E+00
 33  8 1.280  0.70  0.6451972E+00  0.1605495E+00
 33  9 1.280  0.80  0.6503417E+00  0.9834935E-01
 33 10 1.280  0.90  0.6546522E+00  0.3630905E-01
 33 11 1.280  1.00  0.6575359E+00 -0.2540062E-01

 34  1 1.320  0.00  0.6138354E+00  0.6138354E+00
 34  2 1.320  0.10  0.6144224E+00  0.5421484E+00
 34  3 1.320  0.20  0.6161547E+00  0.4733431E+00
 34  4 1.320  0.30  0.6189467E+00  0.4068382E+00
 34  5 1.320  0.40  0.6226541E+00  0.3420826E+00
 34  6 1.320  0.50  0.6270744E+00  0.2785810E+00
 34  7 1.320  0.60  0.6319441E+00  0.2159171E+00
 34  8 1.320  0.70  0.6369380E+00  0.1537770E+00
 34  9 1.320  0.80  0.6416663E+00  0.9197210E-01
 34 10 1.320  0.90  0.6456721E+00  0.3046276E-01
 34 11 1.320  1.00  0.6484287E+00 -0.3061695E-01

 35  1 1.360  0.00  0.6080666E+00  0.6080666E+00
 35  2 1.360  0.10  0.6086003E+00  0.5360786E+00
 35  3 1.360  0.20  0.6101758E+00  0.4670070E+00
 35  4 1.360  0.30  0.6127164E+00  0.4002989E+00
 35  5 1.360  0.40  0.6160934E+00  0.3354317E+00
 35  6 1.360  0.50  0.6201255E+00  0.2719349E+00
 35  7 1.360  0.60  0.6245773E+00  0.2094112E+00
 35  8 1.360  0.70  0.6291586E+00  0.1475573E+00
 35  9 1.360  0.80  0.6335209E+00  0.8618345E-01
 35 10 1.360  0.90  0.6372568E+00  0.2523476E-01
 35 11 1.360  1.00  0.6398962E+00 -0.3518749E-01

 36  1 1.400  0.00  0.6024741E+00  0.6024741E+00
 36  2 1.400  0.10  0.6029611E+00  0.5302243E+00
 36  3 1.400  0.20  0.6043992E+00  0.4609329E+00
 36  4 1.400  0.30  0.6067196E+00  0.3940720E+00
 36  5 1.400  0.40  0.6098068E+00  0.3291434E+00
 36  6 1.400  0.50  0.6134983E+00  0.2656987E+00
 36  7 1.400  0.60  0.6175833E+00  0.2033571E+00
 36  8 1.400  0.70  0.6218013E+00  0.1418241E+00
 36  9 1.400  0.80  0.6258406E+00  0.8090871E-01
 36 10 1.400  0.90  0.6293361E+00  0.2054233E-01
 36 11 1.400  1.00  0.6318672E+00 -0.3920299E-01

 37  1 1.440  0.00  0.5970466E+00  0.5970466E+00
 37  2 1.440  0.10  0.5974925E+00  0.5245712E+00
 37  3 1.440  0.20  0.5988097E+00  0.4551012E+00
 37  4 1.440  0.30  0.6009363E+00  0.3881309E+00
 37  5 1.440  0.40  0.6037684E+00  0.3231841E+00
 37  6 1.440  0.50  0.6071599E+00  0.2598312E+00
 37  7 1.440  0.60  0.6109212E+00  0.1977059E+00
 37  8 1.440  0.70  0.6148183E+00  0.1365213E+00
 37  9 1.440  0.80  0.6185710E+00  0.7608516E-01
 37 10 1.440  0.90  0.6218515E+00  0.1631639E-01
 37 11 1.440  1.00  0.6242822E+00 -0.4273881E-01

 38  1 1.480  0.00  0.5917740E+00  0.5917740E+00
 38  2 1.480  0.10  0.5921836E+00  0.5191061E+00
 38  3 1.480  0.20  0.5933941E+00  0.4494944E+00
 38  4 1.480  0.30  0.5953494E+00  0.3824529E+00
 38  5 1.480  0.40  0.5979561E+00  0.3175246E+00
 38  6 1.480  0.50  0.6010822E+00  0.2542969E+00
 38  7 1.480  0.60  0.6045569E+00  0.1924159E+00
 38  8 1.480  0.70  0.6081690E+00  0.1316015E+00
 38  9 1.480  0.80  0.6116665E+00  0.7165992E-01
 38 10 1.480  0.90  0.6147538E+00  0.1249903E-01
 38 11 1.480  1.00  0.6170911E+00 -0.4585802E-01

 39  1 1.520  0.00  0.5866472E+00  0.5866472E+00
 39  2 1.520  0.10  0.5870247E+00  0.5138173E+00
 39  3 1.520  0.20  0.5881404E+00  0.4440967E+00
 39  4 1.520  0.30  0.5899439E+00  0.3770174E+00
 39  5 1.520  0.40  0.5923505E+00  0.3121395E+00
 39  6 1.520  0.50  0.5952408E+00  0.2490649E+00
 39  7 1.520  0.60  0.5984606E+00  0.1874513E+00
 39  8 1.520  0.70  0.6018191E+00  0.1270239E+00
 39  9 1.520  0.80  0.6050882E+00  0.6758792E-01
 39 10 1.520  0.90  0.6080013E+00  0.9041075E-02
 39 11 1.520  1.00  0.6102515E+00 -0.4861400E-01

 40  1 1.560  0.00  0.5816578E+00  0.5816578E+00
 40  2 1.560  0.10  0.5820068E+00  0.5086938E+00
 40  3 1.560  0.20  0.5830383E+00  0.4388941E+00
 40  4 1.560  0.30  0.5847066E+00  0.3718065E+00
 40  5 1.560  0.40  0.5869350E+00  0.3070062E+00
 40  6 1.560  0.50  0.5896153E+00  0.2441085E+00
 40  7 1.560  0.60  0.5926076E+00  0.1827808E+00
 40  8 1.560  0.70  0.5957390E+00  0.1227536E+00
 40  9 1.560  0.80  0.5988032E+00  0.6383067E-01
 40 10 1.560  0.90  0.6015586E+00  0.5900783E-02
 40 11 1.560  1.00  0.6037273E+00 -0.5105158E-01

 41  1 1.600  0.00  0.5767986E+00  0.5767986E+00
 41  2 1.600  0.10  0.5771220E+00  0.5037261E+00
 41  3 1.600  0.20  0.5780783E+00  0.4338739E+00
 41  4 1.600  0.30  0.5796259E+00  0.3668039E+00
 41  5 1.600  0.40  0.5816950E+00  0.3021048E+00
 41  6 1.600  0.50  0.5841874E+00  0.2394040E+00
 41  7 1.600  0.60  0.5869759E+00  0.1783775E+00
 41  8 1.600  0.70  0.5899037E+00  0.1187602E+00
 41  9 1.600  0.80  0.5927832E+00  0.6035490E-01
 41 10 1.600  0.90  0.5953951E+00  0.3042256E-02
 41 11 1.600  1.00  0.5974877E+00 -0.5320942E-01

 42  1 1.640  0.00  0.5720626E+00  0.5720626E+00
 42  2 1.640  0.10  0.5723631E+00  0.4989054E+00
 42  3 1.640  0.20  0.5732520E+00  0.4290246E+00
 42  4 1.640  0.30  0.5746914E+00  0.3619950E+00
 42  5 1.640  0.40  0.5766177E+00  0.2974177E+00
 42  6 1.640  0.50  0.5789414E+00  0.2349306E+00
 42  7 1.640  0.60  0.5815468E+00  0.1742176E+00
 42  8 1.640  0.70  0.5842912E+00  0.1150174E+00
 42  9 1.640  0.80  0.5870038E+00  0.5713196E-01
 42 10 1.640  0.90  0.5894850E+00  0.4347456E-03
 42 11 1.640  1.00  0.5915059E+00 -0.5512043E-01

 43  1 1.680  0.00  0.5674435E+00  0.5674435E+00
 43  2 1.680  0.10  0.5677235E+00  0.4942234E+00
 43  3 1.680  0.20  0.5685518E+00  0.4243358E+00
 43  4 1.680  0.30  0.5698939E+00  0.3573670E+00
 43  5 1.680  0.40  0.5716917E+00  0.2929292E+00
 43  6 1.680  0.50  0.5738637E+00  0.2306700E+00
 43  7 1.680  0.60  0.5763041E+00  0.1702802E+00
 43  8 1.680  0.70  0.5788827E+00  0.1115021E+00
 43  9 1.680  0.80  0.5814437E+00  0.5413687E-01
 43 10 1.680  0.90  0.5838054E+00 -0.1948473E-02
 43 11 1.680  1.00  0.5857590E+00 -0.5681304E-01

 44  1 1.720  0.00  0.5629358E+00  0.5629358E+00
 44  2 1.720  0.10  0.5631972E+00  0.4896730E+00
 44  3 1.720  0.20  0.5639709E+00  0.4197981E+00
 44  4 1.720  0.30  0.5652253E+00  0.3529080E+00
 44  5 1.720  0.40  0.5669072E+00  0.2886252E+00
 44  6 1.720  0.50  0.5689421E+00  0.2266058E+00
 44  7 1.720  0.60  0.5712333E+00  0.1665469E+00
 44  8 1.720  0.70  0.5736617E+00  0.1081942E+00
 44  9 1.720  0.80  0.5760850E+00  0.5134789E-01
 44 10 1.720  0.90  0.5783370E+00 -0.4130510E-02
 44 11 1.720  1.00  0.5802269E+00 -0.5831169E-01

 45  1 1.760  0.00  0.5585340E+00  0.5585340E+00
 45  2 1.760  0.10  0.5587786E+00  0.4852471E+00
 45  3 1.760  0.20  0.5595030E+00  0.4154027E+00
 45  4 1.760  0.30  0.5606781E+00  0.3486075E+00
 45  5 1.760  0.40  0.5622551E+00  0.2844931E+00
 45  6 1.760  0.50  0.5641659E+00  0.2227233E+00
 45  7 1.760  0.60  0.5663218E+00  0.1630013E+00
 45  8 1.760  0.70  0.5686136E+00  0.1050756E+00
 45  9 1.760  0.80  0.5709111E+00  0.4874578E-01
 45 10 1.760  0.90  0.5730621E+00 -0.6131684E-02
 45 11 1.760  1.00  0.5748921E+00 -0.5963770E-01

 46  1 1.800  0.00  0.5542335E+00  0.5542335E+00
 46  2 1.800  0.10  0.5544630E+00  0.4809398E+00
 46  3 1.800  0.20  0.5551427E+00  0.4111420E+00
 46  4 1.800  0.30  0.5562457E+00  0.3444558E+00
 46  5 1.800  0.40  0.5577277E+00  0.2805213E+00
 46  6 1.800  0.50  0.5595257E+00  0.2190095E+00
 46  7 1.800  0.60  0.5615585E+00  0.1596289E+00
 46  8 1.800  0.70  0.5637259E+00  0.1021306E+00
 46  9 1.800  0.80  0.5659083E+00  0.4631369E-01
 46 10 1.800  0.90  0.5679662E+00 -0.7969771E-02
 46 11 1.800  1.00  0.5697395E+00 -0.6080981E-01

 47  1 1.840  0.00  0.5500297E+00  0.5500297E+00
 47  2 1.840  0.10  0.5502455E+00  0.4767450E+00
 47  3 1.840  0.20  0.5508844E+00  0.4070085E+00
 47  4 1.840  0.30  0.5519222E+00  0.3404441E+00
 47  5 1.840  0.40  0.5533176E+00  0.2766996E+00
 47  6 1.840  0.50  0.5550129E+00  0.2154527E+00
 47  7 1.840  0.60  0.5569335E+00  0.1564167E+00
 47  8 1.840  0.70  0.5589871E+00  0.9934514E-01
 47  9 1.840  0.80  0.5610639E+00  0.4403682E-01
 47 10 1.840  0.90  0.5630357E+00 -0.9660214E-02
 47 11 1.840  1.00  0.5647551E+00 -0.6184405E-01

 48  1 1.880  0.00  0.5459185E+00  0.5459185E+00
 48  2 1.880  0.10  0.5461217E+00  0.4726575E+00
 48  3 1.880  0.20  0.5467237E+00  0.4029956E+00
 48  4 1.880  0.30  0.5477018E+00  0.3365643E+00
 48  5 1.880  0.40  0.5490183E+00  0.2730185E+00
 48  6 1.880  0.50  0.5506200E+00  0.2120421E+00
 48  7 1.880  0.60  0.5524378E+00  0.1533528E+00
 48  8 1.880  0.70  0.5543873E+00  0.9670653E-01
 48  9 1.880  0.80  0.5563669E+00  0.4190180E-01
 48 10 1.880  0.90  0.5582587E+00 -0.1121688E-01
 48 11 1.880  1.00  0.5599273E+00 -0.6275488E-01

 49  1 1.920  0.00  0.5418962E+00  0.5418962E+00
 49  2 1.920  0.10  0.5420879E+00  0.4686724E+00
 49  3 1.920  0.20  0.5426559E+00  0.3990971E+00
 49  4 1.920  0.30  0.5435796E+00  0.3328090E+00
 49  5 1.920  0.40  0.5448241E+00  0.2694696E+00
 49  6 1.920  0.50  0.5463399E+00  0.2087682E+00
 49  7 1.920  0.60  0.5480639E+00  0.1504268E+00
 49  8 1.920  0.70  0.5499175E+00  0.9420361E-01
 49  9 1.920  0.80  0.5518076E+00  0.3989685E-01
 49 10 1.920  0.90  0.5536251E+00 -0.1265199E-01
 49 11 1.920  1.00  0.5552452E+00 -0.6355474E-01

 50  1 1.960  0.00  0.5379590E+00  0.5379590E+00
 50  2 1.960  0.10  0.5381402E+00  0.4647849E+00
 50  3 1.960  0.20  0.5386773E+00  0.3953073E+00
 50  4 1.960  0.30  0.5395511E+00  0.3291714E+00
 50  5 1.960  0.40  0.5407294E+00  0.2660448E+00
 50  6 1.960  0.50  0.5421667E+00  0.2056221E+00
 50  7 1.960  0.60  0.5438042E+00  0.1476292E+00
 50  8 1.960  0.70  0.5455697E+00  0.9182622E-01
 50  9 1.960  0.80  0.5473769E+00  0.3801141E-01
 50 10 1.960  0.90  0.5491253E+00 -0.1397645E-01
 50 11 1.960  1.00  0.5506994E+00 -0.6425489E-01

 51  1 2.000  0.00  0.5341037E+00  0.5341037E+00
 51  2 2.000  0.10  0.5342752E+00  0.4609910E+00
 51  3 2.000  0.20  0.5347840E+00  0.3916211E+00
 51  4 2.000  0.30  0.5356121E+00  0.3256454E+00
 51  5 2.000  0.40  0.5367297E+00  0.2627372E+00
 51  6 2.000  0.50  0.5380946E+00  0.2025961E+00
 51  7 2.000  0.60  0.5396526E+00  0.1449513E+00
 51  8 2.000  0.70  0.5413368E+00  0.8956525E-01
 51  9 2.000  0.80  0.5430672E+00  0.3623606E-01
 51 10 2.000  0.90  0.5447509E+00 -0.1519985E-01
 51 11 2.000  1.00  0.5462813E+00 -0.6486512E-01

