# getMmMb vers. 0.4 starts...
#ROWS=   51
#COLS=   11
#theta=  0.7853982E+00   #radians =  45.00 deg.
#iaoc iaob a/c a/B         Mm          Mb
 27  1 1.040  0.00  0.6604313E+00  0.6604313E+00
 27  2 1.040  0.10  0.6617234E+00  0.5923300E+00
 27  3 1.040  0.20  0.6655300E+00  0.5273662E+00
 27  4 1.040  0.30  0.6716423E+00  0.4645894E+00
 27  5 1.040  0.40  0.6797096E+00  0.4030786E+00
 27  6 1.040  0.50  0.6892369E+00  0.3420035E+00
 27  7 1.040  0.60  0.6995800E+00  0.2806826E+00
 27  8 1.040  0.70  0.7099400E+00  0.2186418E+00
 27  9 1.040  0.80  0.7193566E+00  0.1556716E+00
 27 10 1.040  0.90  0.7266997E+00  0.9188488E-01
 27 11 1.040  1.00  0.7306600E+00  0.2777772E-01

 28  1 1.080  0.00  0.6529732E+00  0.6529732E+00
 28  2 1.080  0.10  0.6541101E+00  0.5841611E+00
 28  3 1.080  0.20  0.6574605E+00  0.5183564E+00
 28  4 1.080  0.30  0.6628425E+00  0.4546884E+00
 28  5 1.080  0.40  0.6699516E+00  0.3923169E+00
 28  6 1.080  0.50  0.6783578E+00  0.3304853E+00
 28  7 1.080  0.60  0.6875017E+00  0.2685719E+00
 28  8 1.080  0.70  0.6966900E+00  0.2061404E+00
 28  9 1.080  0.80  0.7050899E+00  0.1429907E+00
 28 10 1.080  0.90  0.7117221E+00  0.7921023E-01
 28 11 1.080  1.00  0.7154527E+00  0.1522752E-01

 29  1 1.120  0.00  0.6458212E+00  0.6458212E+00
 29  2 1.120  0.10  0.6468272E+00  0.5763760E+00
 29  3 1.120  0.20  0.6497926E+00  0.5098526E+00
 29  4 1.120  0.30  0.6545585E+00  0.4454484E+00
 29  5 1.120  0.40  0.6608590E+00  0.3823917E+00
 29  6 1.120  0.50  0.6683187E+00  0.3199882E+00
 29  7 1.120  0.60  0.6764495E+00  0.2576660E+00
 29  8 1.120  0.70  0.6846467E+00  0.1950200E+00
 29  9 1.120  0.80  0.6921844E+00  0.1318561E+00
 29 10 1.120  0.90  0.6982094E+00  0.6823684E-01
 29 11 1.120  1.00  0.7017348E+00  0.4528310E-02

 30  1 1.160  0.00  0.6389486E+00  0.6389486E+00
 30  2 1.160  0.10  0.6398435E+00  0.5689402E+00
 30  3 1.160  0.20  0.6424820E+00  0.5018028E+00
 30  4 1.160  0.30  0.6467248E+00  0.4367917E+00
 30  5 1.160  0.40  0.6523386E+00  0.3731936E+00
 30  6 1.160  0.50  0.6589938E+00  0.3103671E+00
 30  7 1.160  0.60  0.6662630E+00  0.2477825E+00
 30  8 1.160  0.70  0.6736161E+00  0.1850603E+00
 30  9 1.160  0.80  0.6804174E+00  0.1220099E+00
 30 10 1.160  0.90  0.6859201E+00  0.5867000E-01
 30 11 1.160  1.00  0.6892610E+00 -0.4650060E-02

 31  1 1.200  0.00  0.6323329E+00  0.6323329E+00
 31  2 1.200  0.10  0.6331329E+00  0.5618244E+00
 31  3 1.200  0.20  0.6354922E+00  0.4941627E+00
 31  4 1.200  0.30  0.6392879E+00  0.4286532E+00
 31  5 1.200  0.40  0.6443147E+00  0.3646325E+00
 31  6 1.200  0.50  0.6502823E+00  0.3015046E+00
 31  7 1.200  0.60  0.6568141E+00  0.2387751E+00
 31  8 1.200  0.70  0.6634437E+00  0.1760856E+00
 31  9 1.200  0.80  0.6696120E+00  0.1132475E+00
 31 10 1.200  0.90  0.6746623E+00  0.5027721E-01
 31 11 1.200  1.00  0.6778364E+00 -0.1256708E-01

 32  1 1.240  0.00  0.6259537E+00  0.6259537E+00
 32  2 1.240  0.10  0.6266721E+00  0.5550020E+00
 32  3 1.240  0.20  0.6287916E+00  0.4868940E+00
 32  4 1.240  0.30  0.6322033E+00  0.4209781E+00
 32  5 1.240  0.40  0.6367254E+00  0.3566339E+00
 32  6 1.240  0.50  0.6421016E+00  0.2933041E+00
 32  7 1.240  0.60  0.6479986E+00  0.2305243E+00
 32  8 1.240  0.70  0.6540046E+00  0.1679539E+00
 32  9 1.240  0.80  0.6596254E+00  0.1054049E+00
 32 10 1.240  0.90  0.6642815E+00  0.4287333E-01
 32 11 1.240  1.00  0.6673038E+00 -0.1942881E-01

 33  1 1.280  0.00  0.6197931E+00  0.6197931E+00
 33  2 1.280  0.10  0.6204412E+00  0.5484502E+00
 33  3 1.280  0.20  0.6223534E+00  0.4799638E+00
 33  4 1.280  0.30  0.6254334E+00  0.4137198E+00
 33  5 1.280  0.40  0.6295195E+00  0.3491350E+00
 33  6 1.280  0.50  0.6343842E+00  0.2856852E+00
 33  7 1.280  0.60  0.6397319E+00  0.2229321E+00
 33  8 1.280  0.70  0.6451972E+00  0.1605495E+00
 33  9 1.280  0.80  0.6503417E+00  0.9834935E-01
 33 10 1.280  0.90  0.6546522E+00  0.3630905E-01
 33 11 1.280  1.00  0.6575359E+00 -0.2540062E-01

 34  1 1.320  0.00  0.6138354E+00  0.6138354E+00
 34  2 1.320  0.10  0.6144224E+00  0.5421484E+00
 34  3 1.320  0.20  0.6161547E+00  0.4733431E+00
 34  4 1.320  0.30  0.6189467E+00  0.4068382E+00
 34  5 1.320  0.40  0.6226541E+00  0.3420826E+00
 34  6 1.320  0.50  0.6270744E+00  0.2785810E+00
 34  7 1.320  0.60  0.6319441E+00  0.2159171E+00
 34  8 1.320  0.70  0.6369380E+00  0.1537770E+00
 34  9 1.320  0.80  0.6416663E+00  0.9197210E-01
 34 10 1.320  0.90  0.6456721E+00  0.3046276E-01
 34 11 1.320  1.00  0.6484287E+00 -0.3061695E-01

 35  1 1.360  0.00  0.6080666E+00  0.6080666E+00
 35  2 1.360  0.10  0.6086003E+00  0.5360786E+00
 35  3 1.360  0.20  0.6101758E+00  0.4670070E+00
 35  4 1.360  0.30  0.6127164E+00  0.4002989E+00
 35  5 1.360  0.40  0.6160934E+00  0.3354317E+00
 35  6 1.360  0.50  0.6201255E+00  0.2719349E+00
 35  7 1.360  0.60  0.6245773E+00  0.2094112E+00
 35  8 1.360  0.70  0.6291586E+00  0.1475573E+00
 35  9 1.360  0.80  0.6335209E+00  0.8618345E-01
 35 10 1.360  0.90  0.6372568E+00  0.2523476E-01
 35 11 1.360  1.00  0.6398962E+00 -0.3518749E-01

 36  1 1.400  0.00  0.6024741E+00  0.6024741E+00
 36  2 1.400  0.10  0.6029611E+00  0.5302243E+00
 36  3 1.400  0.20  0.6043992E+00  0.4609329E+00
 36  4 1.400  0.30  0.6067196E+00  0.3940720E+00
 36  5 1.400  0.40  0.6098068E+00  0.3291434E+00
 36  6 1.400  0.50  0.6134983E+00  0.2656987E+00
 36  7 1.400  0.60  0.6175833E+00  0.2033571E+00
 36  8 1.400  0.70  0.6218013E+00  0.1418241E+00
 36  9 1.400  0.80  0.6258406E+00  0.8090871E-01
 36 10 1.400  0.90  0.6293361E+00  0.2054233E-01
 36 11 1.400  1.00  0.6318672E+00 -0.3920299E-01

 37  1 1.440  0.00  0.5970466E+00  0.5970466E+00
 37  2 1.440  0.10  0.5974925E+00  0.5245712E+00
 37  3 1.440  0.20  0.5988097E+00  0.4551012E+00
 37  4 1.440  0.30  0.6009363E+00  0.3881309E+00
 37  5 1.440  0.40  0.6037684E+00  0.3231841E+00
 37  6 1.440  0.50  0.6071599E+00  0.2598312E+00
 37  7 1.440  0.60  0.6109212E+00  0.1977059E+00
 37  8 1.440  0.70  0.6148183E+00  0.1365213E+00
 37  9 1.440  0.80  0.6185710E+00  0.7608516E-01
 37 10 1.440  0.90  0.6218515E+00  0.1631639E-01
 37 11 1.440  1.00  0.6242822E+00 -0.4273881E-01

 38  1 1.480  0.00  0.5917740E+00  0.5917740E+00
 38  2 1.480  0.10  0.5921836E+00  0.5191061E+00
 38  3 1.480  0.20  0.5933941E+00  0.4494944E+00
 38  4 1.480  0.30  0.5953494E+00  0.3824529E+00
 38  5 1.480  0.40  0.5979561E+00  0.3175246E+00
 38  6 1.480  0.50  0.6010822E+00  0.2542969E+00
 38  7 1.480  0.60  0.6045569E+00  0.1924159E+00
 38  8 1.480  0.70  0.6081690E+00  0.1316015E+00
 38  9 1.480  0.80  0.6116665E+00  0.7165992E-01
 38 10 1.480  0.90  0.6147538E+00  0.1249903E-01
 38 11 1.480  1.00  0.6170911E+00 -0.4585802E-01

 39  1 1.520  0.00  0.5866472E+00  0.5866472E+00
 39  2 1.520  0.10  0.5870247E+00  0.5138173E+00
 39  3 1.520  0.20  0.5881404E+00  0.4440967E+00
 39  4 1.520  0.30  0.5899439E+00  0.3770174E+00
 39  5 1.520  0.40  0.5923505E+00  0.3121395E+00
 39  6 1.520  0.50  0.5952408E+00  0.2490649E+00
 39  7 1.520  0.60  0.5984606E+00  0.1874513E+00
 39  8 1.520  0.70  0.6018191E+00  0.1270239E+00
 39  9 1.520  0.80  0.6050882E+00  0.6758792E-01
 39 10 1.520  0.90  0.6080013E+00  0.9041075E-02
 39 11 1.520  1.00  0.6102515E+00 -0.4861400E-01

 40  1 1.560  0.00  0.5816578E+00  0.5816578E+00
 40  2 1.560  0.10  0.5820068E+00  0.5086938E+00
 40  3 1.560  0.20  0.5830383E+00  0.4388941E+00
 40  4 1.560  0.30  0.5847066E+00  0.3718065E+00
 40  5 1.560  0.40  0.5869350E+00  0.3070062E+00
 40  6 1.560  0.50  0.5896153E+00  0.2441085E+00
 40  7 1.560  0.60  0.5926076E+00  0.1827808E+00
 40  8 1.560  0.70  0.5957390E+00  0.1227536E+00
 40  9 1.560  0.80  0.5988032E+00  0.6383067E-01
 40 10 1.560  0.90  0.6015586E+00  0.5900783E-02
 40 11 1.560  1.00  0.6037273E+00 -0.5105158E-01

 41  1 1.600  0.00  0.5767986E+00  0.5767986E+00
 41  2 1.600  0.10  0.5771220E+00  0.5037261E+00
 41  3 1.600  0.20  0.5780783E+00  0.4338739E+00
 41  4 1.600  0.30  0.5796259E+00  0.3668039E+00
 41  5 1.600  0.40  0.5816950E+00  0.3021048E+00
 41  6 1.600  0.50  0.5841874E+00  0.2394040E+00
 41  7 1.600  0.60  0.5869759E+00  0.1783775E+00
 41  8 1.600  0.70  0.5899037E+00  0.1187602E+00
 41  9 1.600  0.80  0.5927832E+00  0.6035490E-01
 41 10 1.600  0.90  0.5953951E+00  0.3042256E-02
 41 11 1.600  1.00  0.5974877E+00 -0.5320942E-01

 42  1 1.640  0.00  0.5720626E+00  0.5720626E+00
 42  2 1.640  0.10  0.5723631E+00  0.4989054E+00
 42  3 1.640  0.20  0.5732520E+00  0.4290246E+00
 42  4 1.640  0.30  0.5746914E+00  0.3619950E+00
 42  5 1.640  0.40  0.5766177E+00  0.2974177E+00
 42  6 1.640  0.50  0.5789414E+00  0.2349306E+00
 42  7 1.640  0.60  0.5815468E+00  0.1742176E+00
 42  8 1.640  0.70  0.5842912E+00  0.1150174E+00
 42  9 1.640  0.80  0.5870038E+00  0.5713196E-01
 42 10 1.640  0.90  0.5894850E+00  0.4347456E-03
 42 11 1.640  1.00  0.5915059E+00 -0.5512043E-01

 43  1 1.680  0.00  0.5674435E+00  0.5674435E+00
 43  2 1.680  0.10  0.5677235E+00  0.4942234E+00
 43  3 1.680  0.20  0.5685518E+00  0.4243358E+00
 43  4 1.680  0.30  0.5698939E+00  0.3573670E+00
 43  5 1.680  0.40  0.5716917E+00  0.2929292E+00
 43  6 1.680  0.50  0.5738637E+00  0.2306700E+00
 43  7 1.680  0.60  0.5763041E+00  0.1702802E+00
 43  8 1.680  0.70  0.5788827E+00  0.1115021E+00
 43  9 1.680  0.80  0.5814437E+00  0.5413687E-01
 43 10 1.680  0.90  0.5838054E+00 -0.1948473E-02
 43 11 1.680  1.00  0.5857590E+00 -0.5681304E-01

 44  1 1.720  0.00  0.5629358E+00  0.5629358E+00
 44  2 1.720  0.10  0.5631972E+00  0.4896730E+00
 44  3 1.720  0.20  0.5639709E+00  0.4197981E+00
 44  4 1.720  0.30  0.5652253E+00  0.3529080E+00
 44  5 1.720  0.40  0.5669072E+00  0.2886252E+00
 44  6 1.720  0.50  0.5689421E+00  0.2266058E+00
 44  7 1.720  0.60  0.5712333E+00  0.1665469E+00
 44  8 1.720  0.70  0.5736617E+00  0.1081942E+00
 44  9 1.720  0.80  0.5760850E+00  0.5134789E-01
 44 10 1.720  0.90  0.5783370E+00 -0.4130510E-02
 44 11 1.720  1.00  0.5802269E+00 -0.5831169E-01

 45  1 1.760  0.00  0.5585340E+00  0.5585340E+00
 45  2 1.760  0.10  0.5587786E+00  0.4852471E+00
 45  3 1.760  0.20  0.5595030E+00  0.4154027E+00
 45  4 1.760  0.30  0.5606781E+00  0.3486075E+00
 45  5 1.760  0.40  0.5622551E+00  0.2844931E+00
 45  6 1.760  0.50  0.5641659E+00  0.2227233E+00
 45  7 1.760  0.60  0.5663218E+00  0.1630013E+00
 45  8 1.760  0.70  0.5686136E+00  0.1050756E+00
 45  9 1.760  0.80  0.5709111E+00  0.4874578E-01
 45 10 1.760  0.90  0.5730621E+00 -0.6131684E-02
 45 11 1.760  1.00  0.5748921E+00 -0.5963770E-01

 46  1 1.800  0.00  0.5542335E+00  0.5542335E+00
 46  2 1.800  0.10  0.5544630E+00  0.4809398E+00
 46  3 1.800  0.20  0.5551427E+00  0.4111420E+00
 46  4 1.800  0.30  0.5562457E+00  0.3444558E+00
 46  5 1.800  0.40  0.5577277E+00  0.2805213E+00
 46  6 1.800  0.50  0.5595257E+00  0.2190095E+00
 46  7 1.800  0.60  0.5615585E+00  0.1596289E+00
 46  8 1.800  0.70  0.5637259E+00  0.1021306E+00
 46  9 1.800  0.80  0.5659083E+00  0.4631369E-01
 46 10 1.800  0.90  0.5679662E+00 -0.7969771E-02
 46 11 1.800  1.00  0.5697395E+00 -0.6080981E-01

 47  1 1.840  0.00  0.5500297E+00  0.5500297E+00
 47  2 1.840  0.10  0.5502455E+00  0.4767450E+00
 47  3 1.840  0.20  0.5508844E+00  0.4070085E+00
 47  4 1.840  0.30  0.5519222E+00  0.3404441E+00
 47  5 1.840  0.40  0.5533176E+00  0.2766996E+00
 47  6 1.840  0.50  0.5550129E+00  0.2154527E+00
 47  7 1.840  0.60  0.5569335E+00  0.1564167E+00
 47  8 1.840  0.70  0.5589871E+00  0.9934514E-01
 47  9 1.840  0.80  0.5610639E+00  0.4403682E-01
 47 10 1.840  0.90  0.5630357E+00 -0.9660214E-02
 47 11 1.840  1.00  0.5647551E+00 -0.6184405E-01

 48  1 1.880  0.00  0.5459185E+00  0.5459185E+00
 48  2 1.880  0.10  0.5461217E+00  0.4726575E+00
 48  3 1.880  0.20  0.5467237E+00  0.4029956E+00
 48  4 1.880  0.30  0.5477018E+00  0.3365643E+00
 48  5 1.880  0.40  0.5490183E+00  0.2730185E+00
 48  6 1.880  0.50  0.5506200E+00  0.2120421E+00
 48  7 1.880  0.60  0.5524378E+00  0.1533528E+00
 48  8 1.880  0.70  0.5543873E+00  0.9670653E-01
 48  9 1.880  0.80  0.5563669E+00  0.4190180E-01
 48 10 1.880  0.90  0.5582587E+00 -0.1121688E-01
 48 11 1.880  1.00  0.5599273E+00 -0.6275488E-01

 49  1 1.920  0.00  0.5418962E+00  0.5418962E+00
 49  2 1.920  0.10  0.5420879E+00  0.4686724E+00
 49  3 1.920  0.20  0.5426559E+00  0.3990971E+00
 49  4 1.920  0.30  0.5435796E+00  0.3328090E+00
 49  5 1.920  0.40  0.5448241E+00  0.2694696E+00
 49  6 1.920  0.50  0.5463399E+00  0.2087682E+00
 49  7 1.920  0.60  0.5480639E+00  0.1504268E+00
 49  8 1.920  0.70  0.5499175E+00  0.9420361E-01
 49  9 1.920  0.80  0.5518076E+00  0.3989685E-01
 49 10 1.920  0.90  0.5536251E+00 -0.1265199E-01
 49 11 1.920  1.00  0.5552452E+00 -0.6355474E-01

 50  1 1.960  0.00  0.5379590E+00  0.5379590E+00
 50  2 1.960  0.10  0.5381402E+00  0.4647849E+00
 50  3 1.960  0.20  0.5386773E+00  0.3953073E+00
 50  4 1.960  0.30  0.5395511E+00  0.3291714E+00
 50  5 1.960  0.40  0.5407294E+00  0.2660448E+00
 50  6 1.960  0.50  0.5421667E+00  0.2056221E+00
 50  7 1.960  0.60  0.5438042E+00  0.1476292E+00
 50  8 1.960  0.70  0.5455697E+00  0.9182622E-01
 50  9 1.960  0.80  0.5473769E+00  0.3801141E-01
 50 10 1.960  0.90  0.5491253E+00 -0.1397645E-01
 50 11 1.960  1.00  0.5506994E+00 -0.6425489E-01

 51  1 2.000  0.00  0.5341037E+00  0.5341037E+00
 51  2 2.000  0.10  0.5342752E+00  0.4609910E+00
 51  3 2.000  0.20  0.5347840E+00  0.3916211E+00
 51  4 2.000  0.30  0.5356121E+00  0.3256454E+00
 51  5 2.000  0.40  0.5367297E+00  0.2627372E+00
 51  6 2.000  0.50  0.5380946E+00  0.2025961E+00
 51  7 2.000  0.60  0.5396526E+00  0.1449513E+00
 51  8 2.000  0.70  0.5413368E+00  0.8956525E-01
 51  9 2.000  0.80  0.5430672E+00  0.3623606E-01
 51 10 2.000  0.90  0.5447509E+00 -0.1519985E-01
 51 11 2.000  1.00  0.5462813E+00 -0.6486512E-01

