# getMmMb vers. 0.4 starts...
#ROWS=   51
#COLS=   11
#theta=  0.1570796E+01   #radians =  90.00 deg.
#iaoc iaob a/c a/B         Mm          Mb
  1  1 0.000  0.00  0.1130000E+01  0.1130000E+01
  1  2 0.000  0.10  0.1170396E+01  0.1034045E+01
  1  3 0.000  0.20  0.1307138E+01  0.1016954E+01
  1  4 0.000  0.30  0.1586888E+01  0.1084638E+01
  1  5 0.000  0.40  0.2087415E+01  0.1252449E+01
  1  6 0.000  0.50  0.2917596E+01  0.1539032E+01
  1  7 0.000  0.60  0.4217416E+01  0.1965316E+01
  1  8 0.000  0.70  0.6157967E+01  0.2558635E+01
  1  9 0.000  0.80  0.8941448E+01  0.3361984E+01
  1 10 0.000  0.90  0.1280117E+02  0.4448406E+01
  1 11 0.000  1.00  0.1800154E+02  0.5940509E+01

  2  1 0.040  0.00  0.1122352E+01  0.1122352E+01
  2  2 0.040  0.10  0.1154351E+01  0.1018274E+01
  2  3 0.040  0.20  0.1255495E+01  0.9710426E+00
  2  4 0.040  0.30  0.1441234E+01  0.9713143E+00
  2  5 0.040  0.40  0.1737314E+01  0.1013992E+01
  2  6 0.040  0.50  0.2179778E+01  0.1095472E+01
  2  7 0.040  0.60  0.2814971E+01  0.1212307E+01
  2  8 0.040  0.70  0.3699533E+01  0.1361296E+01
  2  9 0.040  0.80  0.4900406E+01  0.1540986E+01
  2 10 0.040  0.90  0.6494827E+01  0.1754607E+01
  2 11 0.040  1.00  0.8570334E+01  0.2014416E+01

  3  1 0.080  0.00  0.1110280E+01  0.1110280E+01
  3  2 0.080  0.10  0.1136473E+01  0.1001308E+01
  3  3 0.080  0.20  0.1216264E+01  0.9367514E+00
  3  4 0.080  0.30  0.1353294E+01  0.9031374E+00
  3  5 0.080  0.40  0.1553632E+01  0.8895943E+00
  3  6 0.080  0.50  0.1825770E+01  0.8870910E+00
  3  7 0.080  0.60  0.2180630E+01  0.8879703E+00
  3  8 0.080  0.70  0.2631561E+01  0.8857776E+00
  3  9 0.080  0.80  0.3194338E+01  0.8753802E+00
  3 10 0.080  0.90  0.3887162E+01  0.8533816E+00
  3 11 0.080  1.00  0.4730665E+01  0.8188281E+00

  4  1 0.120  0.00  0.1095215E+01  0.1095215E+01
  4  2 0.120  0.10  0.1117133E+01  0.9832053E+00
  4  3 0.120  0.20  0.1182713E+01  0.9075413E+00
  4  4 0.120  0.30  0.1291436E+01  0.8545061E+00
  4  5 0.120  0.40  0.1442436E+01  0.8122545E+00
  4  6 0.120  0.50  0.1634499E+01  0.7709351E+00
  4  7 0.120  0.60  0.1866068E+01  0.7227744E+00
  4  8 0.120  0.70  0.2135237E+01  0.6621248E+00
  4  9 0.120  0.80  0.2439753E+01  0.5854750E+00
  4 10 0.120  0.90  0.2777020E+01  0.4914240E+00
  4 11 0.120  1.00  0.3144092E+01  0.3806173E+00

  5  1 0.160  0.00  0.1077899E+01  0.1077899E+01
  5  2 0.160  0.10  0.1096517E+01  0.9640850E+00
  5  3 0.160  0.20  0.1151770E+01  0.8808020E+00
  5  4 0.160  0.30  0.1241842E+01  0.8153191E+00
  5  5 0.160  0.40  0.1363711E+01  0.7563574E+00
  5  6 0.160  0.50  0.1513147E+01  0.6945527E+00
  5  7 0.160  0.60  0.1684708E+01  0.6228054E+00
  5  8 0.160  0.70  0.1871746E+01  0.5365170E+00
  5  9 0.160  0.80  0.2066403E+01  0.4337114E+00
  5 10 0.160  0.90  0.2259611E+01  0.3150426E+00
  5 11 0.160  1.00  0.2441094E+01  0.1836891E+00

  6  1 0.200  0.00  0.1058875E+01  0.1058875E+01
  6  2 0.200  0.10  0.1074862E+01  0.9441376E+00
  6  3 0.200  0.20  0.1122126E+01  0.8554193E+00
  6  4 0.200  0.30  0.1198573E+01  0.7812552E+00
  6  5 0.200  0.40  0.1300717E+01  0.7113391E+00
  6  6 0.200  0.50  0.1423676E+01  0.6371001E+00
  6  7 0.200  0.60  0.1561172E+01  0.5521637E+00
  6  8 0.200  0.70  0.1705535E+01  0.4526954E+00
  6  9 0.200  0.80  0.1847697E+01  0.3376285E+00
  6 10 0.200  0.90  0.1977197E+01  0.2087760E+00
  6 11 0.200  1.00  0.2082178E+01  0.7082467E-01

  7  1 0.240  0.00  0.1038586E+01  0.1038586E+01
  7  2 0.240  0.10  0.1052422E+01  0.9235766E+00
  7  3 0.240  0.20  0.1093253E+01  0.8309258E+00
  7  4 0.240  0.30  0.1159039E+01  0.7503968E+00
  7  5 0.240  0.40  0.1246384E+01  0.6726928E+00
  7  6 0.240  0.50  0.1350530E+01  0.5900543E+00
  7  7 0.240  0.60  0.1465363E+01  0.4967584E+00
  7  8 0.240  0.70  0.1583408E+01  0.3895172E+00
  7  9 0.240  0.80  0.1695833E+01  0.2677765E+00
  7 10 0.240  0.90  0.1792444E+01  0.1339145E+00
  7 11 0.240  1.00  0.1861692E+01 -0.6659482E-02

  8  1 0.280  0.00  0.1017393E+01  0.1017393E+01
  8  2 0.280  0.10  0.1029443E+01  0.9026100E+00
  8  3 0.280  0.20  0.1064961E+01  0.8071330E+00
  8  4 0.280  0.30  0.1122059E+01  0.7218348E+00
  8  5 0.280  0.40  0.1197587E+01  0.6383566E+00
  8  6 0.280  0.50  0.1287136E+01  0.5496946E+00
  8  7 0.280  0.60  0.1385037E+01  0.4507047E+00
  8  8 0.280  0.70  0.1484361E+01  0.3385252E+00
  8  9 0.280  0.80  0.1576920E+01  0.2129189E+00
  8 10 0.280  0.90  0.1653265E+01  0.7653336E-01
  8 11 0.280  1.00  0.1702689E+01 -0.6492028E-01

  9  1 0.320  0.00  0.9956027E+00  0.9956027E+00
  9  2 0.320  0.10  0.1006147E+01  0.8814283E+00
  9  3 0.320  0.20  0.1037204E+01  0.7839747E+00
  9  4 0.320  0.30  0.1087052E+01  0.6950945E+00
  9  5 0.320  0.40  0.1152817E+01  0.6072747E+00
  9  6 0.320  0.50  0.1230476E+01  0.5141982E+00
  9  7 0.320  0.60  0.1314860E+01  0.4112397E+00
  9  8 0.320  0.70  0.1399647E+01  0.2958961E+00
  9  9 0.320  0.80  0.1477369E+01  0.1681526E+00
  9 10 0.320  0.90  0.1539407E+01  0.3078361E-01
  9 11 0.320  1.00  0.1575993E+01 -0.1104108E+00

 10  1 0.360  0.00  0.9734667E+00  0.9734667E+00
 10  2 0.360  0.10  0.9827294E+00  0.8601981E+00
 10  3 0.360  0.20  0.1009996E+01  0.7614372E+00
 10  4 0.360  0.30  0.1053704E+01  0.6698996E+00
 10  5 0.360  0.40  0.1111245E+01  0.5788295E+00
 10  6 0.360  0.50  0.1178971E+01  0.4825305E+00
 10  7 0.360  0.60  0.1252191E+01  0.3768452E+00
 10  8 0.360  0.70  0.1325171E+01  0.2595834E+00
 10  9 0.360  0.80  0.1391133E+01  0.1308992E+00
 10 10 0.360  0.90  0.1442260E+01 -0.6382845E-02
 10 11 0.360  1.00  0.1469689E+01 -0.1464927E+00

 11  1 0.400  0.00  0.9511947E+00  0.9511947E+00
 11  2 0.400  0.10  0.9593573E+00  0.8390614E+00
 11  3 0.400  0.20  0.9833733E+00  0.7395274E+00
 11  4 0.400  0.30  0.1021827E+01  0.6460705E+00
 11  5 0.400  0.40  0.1072358E+01  0.5526127E+00
 11  6 0.400  0.50  0.1131664E+01  0.4540179E+00
 11  7 0.400  0.60  0.1195497E+01  0.3465515E+00
 11  8 0.400  0.70  0.1258666E+01  0.2282993E+00
 11  9 0.400  0.80  0.1315036E+01  0.9954678E-01
 11 10 0.400  0.90  0.1357527E+01 -0.3688208E-01
 11 11 0.400  1.00  0.1378118E+01 -0.1753248E+00

 12  1 0.440  0.00  0.9289579E+00  0.9289579E+00
 12  2 0.440  0.10  0.9361692E+00  0.8181362E+00
 12  3 0.440  0.20  0.9573763E+00  0.7182589E+00
 12  4 0.440  0.30  0.9912990E+00  0.6234803E+00
 12  5 0.440  0.40  0.1035804E+01  0.5283294E+00
 12  6 0.440  0.50  0.1087903E+01  0.4281768E+00
 12  7 0.440  0.60  0.1143756E+01  0.3196698E+00
 12  8 0.440  0.70  0.1198669E+01  0.2011377E+00
 12  9 0.440  0.80  0.1247095E+01  0.7296596E-01
 12 10 0.440  0.90  0.1282632E+01 -0.6205993E-01
 12 11 0.440  1.00  0.1298025E+01 -0.1984421E+00

 13  1 0.480  0.00  0.9068947E+00  0.9068947E+00
 13  2 0.480  0.10  0.9132781E+00  0.7975182E+00
 13  3 0.480  0.20  0.9320429E+00  0.6976450E+00
 13  4 0.480  0.30  0.9620327E+00  0.6020316E+00
 13  5 0.480  0.40  0.1001320E+01  0.5057534E+00
 13  6 0.480  0.50  0.1047207E+01  0.4046384E+00
 13  7 0.480  0.60  0.1096223E+01  0.2956788E+00
 13  8 0.480  0.70  0.1144129E+01  0.1774178E+00
 13  9 0.480  0.80  0.1185914E+01  0.5031437E-01
 13 10 0.480  0.90  0.1215796E+01 -0.8291572E-01
 13 11 0.480  1.00  0.1227220E+01 -0.2169828E+00

 14  1 0.520  0.00  0.8851151E+00  0.8851151E+00
 14  2 0.520  0.10  0.8907743E+00  0.7772831E+00
 14  3 0.520  0.20  0.9074039E+00  0.6776953E+00
 14  4 0.520  0.30  0.9339606E+00  0.5816464E+00
 14  5 0.520  0.40  0.9687054E+00  0.4847041E+00
 14  6 0.520  0.50  0.1009204E+01  0.3831108E+00
 14  7 0.520  0.60  0.1052325E+01  0.2741689E+00
 14  8 0.520  0.70  0.1094244E+01  0.1566095E+00
 14  9 0.520  0.80  0.1130439E+01  0.3094156E-01
 14 10 0.520  0.90  0.1155692E+01 -0.1002138E+00
 14 11 0.520  1.00  0.1164092E+01 -0.2318083E+00

 15  1 0.560  0.00  0.8637055E+00  0.8637055E+00
 15  2 0.560  0.10  0.8687280E+00  0.7574894E+00
 15  3 0.560  0.20  0.8834819E+00  0.6584146E+00
 15  4 0.560  0.30  0.9070272E+00  0.5622586E+00
 15  5 0.560  0.40  0.9377968E+00  0.4650333E+00
 15  6 0.560  0.50  0.9735970E+00  0.3633563E+00
 15  7 0.560  0.60  0.1011607E+01  0.2548102E+00
 15  8 0.560  0.70  0.1048380E+01  0.1382894E+00
 15  9 0.560  0.80  0.1079841E+01  0.1433363E-01
 15 10 0.560  0.90  0.1101290E+01 -0.1145509E+00
 15 11 0.560  1.00  0.1107398E+01 -0.2435829E+00

 16  1 0.600  0.00  0.8427320E+00  0.8427320E+00
 16  2 0.600  0.10  0.8471923E+00  0.7381808E+00
 16  3 0.600  0.20  0.8602915E+00  0.6398029E+00
 16  4 0.600  0.30  0.8811836E+00  0.5438097E+00
 16  5 0.600  0.40  0.9084588E+00  0.4466155E+00
 16  6 0.600  0.50  0.9401435E+00  0.3451779E+00
 16  7 0.600  0.60  0.9737000E+00  0.2373320E+00
 16  8 0.600  0.70  0.1006027E+01  0.1221143E+00
 16  9 0.600  0.80  0.1033459E+01  0.7798427E-04
 16 10 0.600  0.90  0.1051766E+01 -0.1264007E+00
 16 11 0.600  1.00  0.1056156E+01 -0.2528249E+00

 17  1 0.640  0.00  0.8222436E+00  0.8222436E+00
 17  2 0.640  0.10  0.8262058E+00  0.7193884E+00
 17  3 0.640  0.20  0.8378394E+00  0.6218552E+00
 17  4 0.640  0.30  0.8563848E+00  0.5262475E+00
 17  5 0.640  0.40  0.8805757E+00  0.4293435E+00
 17  6 0.640  0.50  0.9086400E+00  0.3284100E+00
 17  7 0.640  0.60  0.9382989E+00  0.2215095E+00
 17  8 0.640  0.70  0.9667670E+00  0.1078016E+00
 17  9 0.640  0.80  0.9907529E+00 -0.1216100E-01
 17 10 0.640  0.90  0.1006458E+01 -0.1361436E+00
 17 11 0.640  1.00  0.1009579E+01 -0.2599454E+00

 18  1 0.680  0.00  0.8022757E+00  0.8022757E+00
 18  2 0.680  0.10  0.8057950E+00  0.7011325E+00
 18  3 0.680  0.20  0.8161260E+00  0.6045627E+00
 18  4 0.680  0.30  0.8325881E+00  0.5095233E+00
 18  5 0.680  0.40  0.8540469E+00  0.4131237E+00
 18  6 0.680  0.50  0.8789141E+00  0.3129110E+00
 18  7 0.680  0.60  0.9051479E+00  0.2071529E+00
 18  8 0.680  0.70  0.9302524E+00  0.9511579E-01
 18  9 0.680  0.80  0.9512783E+00 -0.2266011E-01
 18 10 0.680  0.90  0.9648223E+00 -0.1440895E+00
 18 11 0.680  1.00  0.9670274E+00 -0.2652749E+00

 19  1 0.720  0.00  0.7828519E+00  0.7828519E+00
 19  2 0.720  0.10  0.7859761E+00  0.6834254E+00
 19  3 0.720  0.20  0.7951458E+00  0.5879127E+00
 19  4 0.720  0.30  0.8097526E+00  0.4935920E+00
 19  5 0.720  0.40  0.8287827E+00  0.3978732E+00
 19  6 0.720  0.50  0.8508167E+00  0.2985588E+00
 19  7 0.720  0.60  0.8740296E+00  0.1941012E+00
 19  8 0.720  0.70  0.8961908E+00  0.8385886E-01
 19  9 0.720  0.80  0.9146641E+00 -0.3164957E-01
 19 10 0.720  0.90  0.9264080E+00 -0.1504938E+00
 19 11 0.720  1.00  0.9279752E+00 -0.2690815E+00

 20  1 0.760  0.00  0.7639866E+00  0.7639866E+00
 20  2 0.760  0.10  0.7667572E+00  0.6662716E+00
 20  3 0.760  0.20  0.7748883E+00  0.5718902E+00
 20  4 0.760  0.30  0.7878380E+00  0.4784110E+00
 20  5 0.760  0.40  0.8047028E+00  0.3835185E+00
 20  6 0.760  0.50  0.8242179E+00  0.2852469E+00
 20  7 0.760  0.60  0.8447572E+00  0.1822158E+00
 20  8 0.760  0.70  0.8643333E+00  0.7386289E-01
 20  9 0.760  0.80  0.8805973E+00 -0.3932252E-01
 20 10 0.760  0.90  0.8908390E+00 -0.1555678E+00
 20 11 0.760  1.00  0.8919870E+00 -0.2715855E+00

 21  1 0.800  0.00  0.7456863E+00  0.7456863E+00
 21  2 0.800  0.10  0.7481397E+00  0.6496704E+00
 21  3 0.800  0.20  0.7553397E+00  0.5564773E+00
 21  4 0.800  0.30  0.7668050E+00  0.4639401E+00
 21  5 0.800  0.40  0.7817335E+00  0.3699929E+00
 21  6 0.800  0.50  0.7990025E+00  0.2728819E+00
 21  7 0.800  0.60  0.8171684E+00  0.1713770E+00
 21  8 0.800  0.70  0.8344665E+00  0.6498425E-01
 21  9 0.800  0.80  0.8488117E+00 -0.4584253E-01
 21 10 0.800  0.90  0.8577980E+00 -0.1594893E+00
 21 11 0.800  1.00  0.8586985E+00 -0.2729694E+00

 22  1 0.840  0.00  0.7279520E+00  0.7279520E+00
 22  2 0.840  0.10  0.7301202E+00  0.6336169E+00
 22  3 0.840  0.20  0.7364832E+00  0.5416552E+00
 22  4 0.840  0.30  0.7466154E+00  0.4501412E+00
 22  5 0.840  0.40  0.7598081E+00  0.3572368E+00
 22  6 0.840  0.50  0.7750686E+00  0.2613812E+00
 22  7 0.840  0.60  0.7911211E+00  0.1614806E+00
 22  8 0.840  0.70  0.8064056E+00  0.5709914E-01
 22  9 0.840  0.80  0.8190792E+00 -0.5134912E-01
 22 10 0.840  0.90  0.8270149E+00 -0.1624081E+00
 22 11 0.840  1.00  0.8278025E+00 -0.2733861E+00

 23  1 0.880  0.00  0.7107794E+00  0.7107794E+00
 23  2 0.880  0.10  0.7126906E+00  0.6181022E+00
 23  3 0.880  0.20  0.7182993E+00  0.5274037E+00
 23  4 0.880  0.30  0.7272316E+00  0.4369779E+00
 23  5 0.880  0.40  0.7388642E+00  0.3451956E+00
 23  6 0.880  0.50  0.7523242E+00  0.2506716E+00
 23  7 0.880  0.60  0.7664897E+00  0.1524352E+00
 23  8 0.880  0.70  0.7799892E+00  0.5010064E-01
 23  9 0.880  0.80  0.7912021E+00 -0.5596156E-01
 23 10 0.880  0.90  0.7982581E+00 -0.1644511E+00
 23 11 0.880  1.00  0.7990379E+00 -0.2729636E+00

 24  1 0.920  0.00  0.6941609E+00  0.6941609E+00
 24  2 0.920  0.10  0.6958398E+00  0.6031150E+00
 24  3 0.920  0.20  0.7007676E+00  0.5137017E+00
 24  4 0.920  0.30  0.7086173E+00  0.4244162E+00
 24  5 0.920  0.40  0.7188444E+00  0.3338193E+00
 24  6 0.920  0.50  0.7306864E+00  0.2406873E+00
 24  7 0.920  0.60  0.7431629E+00  0.1441605E+00
 24  8 0.920  0.70  0.7550757E+00  0.4389540E-01
 24  9 0.920  0.80  0.7650086E+00 -0.5978308E-01
 24 10 0.920  0.90  0.7713277E+00 -0.1657273E+00
 24 11 0.920  1.00  0.7721812E+00 -0.2718113E+00

 25  1 0.960  0.00  0.6780858E+00  0.6780858E+00
 25  2 0.960  0.10  0.6795545E+00  0.5886419E+00
 25  3 0.960  0.20  0.6838660E+00  0.5005282E+00
 25  4 0.960  0.30  0.6907370E+00  0.4124231E+00
 25  5 0.960  0.40  0.6996954E+00  0.3230627E+00
 25  6 0.960  0.50  0.7100801E+00  0.2313697E+00
 25  7 0.960  0.60  0.7210412E+00  0.1365853E+00
 25  8 0.960  0.70  0.7315398E+00  0.3840184E-01
 25  9 0.960  0.80  0.7403484E+00 -0.6290290E-01
 25 10 0.960  0.90  0.7460503E+00 -0.1663300E+00
 25 11 0.960  1.00  0.7470401E+00 -0.2700222E+00

 26  1 1.000  0.00  0.6625413E+00  0.6625413E+00
 26  2 1.000  0.10  0.6638085E+00  0.5746590E+00
 26  3 1.000  0.20  0.6675257E+00  0.4878278E+00
 26  4 1.000  0.30  0.6734408E+00  0.4008993E+00
 26  5 1.000  0.40  0.6811333E+00  0.3127764E+00
 26  6 1.000  0.50  0.6900145E+00  0.2225297E+00
 26  7 1.000  0.60  0.6993276E+00  0.1295155E+00
 26  8 1.000  0.70  0.7081478E+00  0.3349533E-01
 26  9 1.000  0.80  0.7153816E+00 -0.6524288E-01
 26 10 1.000  0.90  0.7197677E+00 -0.1657626E+00
 26 11 1.000  1.00  0.7198766E+00 -0.2663544E+00
