# getMm vers. 0.1 starts...
#ROWS=   51
#COLS=   11
#theta=  0.1570796E+01   #radians =  90.00 deg.
# iao2c  iaob   a/2c   a/B     Mm   phi
 27  1 0.520  0.00  0.6483000E+00  0.1540214E+01
 27  2 0.520  0.10  0.6493825E+00  0.1540214E+01
 27  3 0.520  0.20  0.6525579E+00  0.1540214E+01
 27  4 0.520  0.30  0.6576110E+00  0.1540214E+01
 27  5 0.520  0.40  0.6641823E+00  0.1540214E+01
 27  6 0.520  0.50  0.6717692E+00  0.1540214E+01
 27  7 0.520  0.60  0.6797251E+00  0.1540214E+01
 27  8 0.520  0.70  0.6872597E+00  0.1540214E+01
 27  9 0.520  0.80  0.6934392E+00  0.1540214E+01
 27 10 0.520  0.90  0.6971861E+00  0.1540214E+01
 27 11 0.520  1.00  0.6972792E+00  0.1540214E+01

 28  1 0.540  0.00  0.6346123E+00  0.1513080E+01
 28  2 0.540  0.10  0.6355420E+00  0.1513080E+01
 28  3 0.540  0.20  0.6382695E+00  0.1513080E+01
 28  4 0.540  0.30  0.6426098E+00  0.1513080E+01
 28  5 0.540  0.40  0.6482542E+00  0.1513080E+01
 28  6 0.540  0.50  0.6547709E+00  0.1513080E+01
 28  7 0.540  0.60  0.6616045E+00  0.1513080E+01
 28  8 0.540  0.70  0.6680762E+00  0.1513080E+01
 28  9 0.540  0.80  0.6733841E+00  0.1513080E+01
 28 10 0.540  0.90  0.6766024E+00  0.1513080E+01
 28 11 0.540  1.00  0.6766824E+00  0.1513080E+01

 29  1 0.560  0.00  0.6214444E+00  0.1488057E+01
 29  2 0.560  0.10  0.6222470E+00  0.1488057E+01
 29  3 0.560  0.20  0.6246018E+00  0.1488057E+01
 29  4 0.560  0.30  0.6283488E+00  0.1488057E+01
 29  5 0.560  0.40  0.6332216E+00  0.1488057E+01
 29  6 0.560  0.50  0.6388475E+00  0.1488057E+01
 29  7 0.560  0.60  0.6447471E+00  0.1488057E+01
 29  8 0.560  0.70  0.6503342E+00  0.1488057E+01
 29  9 0.560  0.80  0.6549166E+00  0.1488057E+01
 29 10 0.560  0.90  0.6576951E+00  0.1488057E+01
 29 11 0.560  1.00  0.6577640E+00  0.1488057E+01

 30  1 0.580  0.00  0.6087657E+00  0.1464924E+01
 30  2 0.580  0.10  0.6094620E+00  0.1464924E+01
 30  3 0.580  0.20  0.6115045E+00  0.1464924E+01
 30  4 0.580  0.30  0.6147546E+00  0.1464924E+01
 30  5 0.580  0.40  0.6189814E+00  0.1464924E+01
 30  6 0.580  0.50  0.6238614E+00  0.1464924E+01
 30  7 0.580  0.60  0.6289787E+00  0.1464924E+01
 30  8 0.580  0.70  0.6338251E+00  0.1464924E+01
 30  9 0.580  0.80  0.6377999E+00  0.1464924E+01
 30 10 0.580  0.90  0.6402099E+00  0.1464924E+01
 30 11 0.580  1.00  0.6402698E+00  0.1464924E+01

 31  1 0.600  0.00  0.5965489E+00  0.1443488E+01
 31  2 0.600  0.10  0.5971555E+00  0.1443488E+01
 31  3 0.600  0.20  0.5989351E+00  0.1443488E+01
 31  4 0.600  0.30  0.6017668E+00  0.1443488E+01
 31  5 0.600  0.40  0.6054494E+00  0.1443488E+01
 31  6 0.600  0.50  0.6097012E+00  0.1443488E+01
 31  7 0.600  0.60  0.6141596E+00  0.1443488E+01
 31  8 0.600  0.70  0.6183821E+00  0.1443488E+01
 31  9 0.600  0.80  0.6218451E+00  0.1443488E+01
 31 10 0.600  0.90  0.6239449E+00  0.1443488E+01
 31 11 0.600  1.00  0.6239971E+00  0.1443488E+01

 32  1 0.620  0.00  0.5847687E+00  0.1423582E+01
 32  2 0.620  0.10  0.5852994E+00  0.1423582E+01
 32  3 0.620  0.20  0.5868563E+00  0.1423582E+01
 32  4 0.620  0.30  0.5893337E+00  0.1423582E+01
 32  5 0.620  0.40  0.5925556E+00  0.1423582E+01
 32  6 0.620  0.50  0.5962753E+00  0.1423582E+01
 32  7 0.620  0.60  0.6001760E+00  0.1423582E+01
 32  8 0.620  0.70  0.6038702E+00  0.1423582E+01
 32  9 0.620  0.80  0.6068999E+00  0.1423582E+01
 32 10 0.620  0.90  0.6087370E+00  0.1423582E+01
 32 11 0.620  1.00  0.6087826E+00  0.1423582E+01

 33  1 0.640  0.00  0.5734022E+00  0.1405060E+01
 33  2 0.640  0.10  0.5738683E+00  0.1405060E+01
 33  3 0.640  0.20  0.5752357E+00  0.1405060E+01
 33  4 0.640  0.30  0.5774116E+00  0.1405060E+01
 33  5 0.640  0.40  0.5802414E+00  0.1405060E+01
 33  6 0.640  0.50  0.5835084E+00  0.1405060E+01
 33  7 0.640  0.60  0.5869343E+00  0.1405060E+01
 33  8 0.640  0.70  0.5901789E+00  0.1405060E+01
 33  9 0.640  0.80  0.5928399E+00  0.1405060E+01
 33 10 0.640  0.90  0.5944534E+00  0.1405060E+01
 33 11 0.640  1.00  0.5944934E+00  0.1405060E+01

 34  1 0.660  0.00  0.5624281E+00  0.1387791E+01
 34  2 0.660  0.10  0.5628390E+00  0.1387791E+01
 34  3 0.660  0.20  0.5640444E+00  0.1387791E+01
 34  4 0.660  0.30  0.5659625E+00  0.1387791E+01
 34  5 0.660  0.40  0.5684569E+00  0.1387791E+01
 34  6 0.660  0.50  0.5713369E+00  0.1387791E+01
 34  7 0.660  0.60  0.5743570E+00  0.1387791E+01
 34  8 0.660  0.70  0.5772171E+00  0.1387791E+01
 34  9 0.660  0.80  0.5795628E+00  0.1387791E+01
 34 10 0.660  0.90  0.5809852E+00  0.1387791E+01
 34 11 0.660  1.00  0.5810205E+00  0.1387791E+01

 35  1 0.680  0.00  0.5518270E+00  0.1371663E+01
 35  2 0.680  0.10  0.5521905E+00  0.1371663E+01
 35  3 0.680  0.20  0.5532568E+00  0.1371663E+01
 35  4 0.680  0.30  0.5549535E+00  0.1371663E+01
 35  5 0.680  0.40  0.5571600E+00  0.1371663E+01
 35  6 0.680  0.50  0.5597076E+00  0.1371663E+01
 35  7 0.680  0.60  0.5623790E+00  0.1371663E+01
 35  8 0.680  0.70  0.5649090E+00  0.1371663E+01
 35  9 0.680  0.80  0.5669840E+00  0.1371663E+01
 35 10 0.680  0.90  0.5682421E+00  0.1371663E+01
 35 11 0.680  1.00  0.5682734E+00  0.1371663E+01

 36  1 0.700  0.00  0.5415807E+00  0.1356573E+01
 36  2 0.700  0.10  0.5419033E+00  0.1356573E+01
 36  3 0.700  0.20  0.5428496E+00  0.1356573E+01
 36  4 0.700  0.30  0.5443553E+00  0.1356573E+01
 36  5 0.700  0.40  0.5463136E+00  0.1356573E+01
 36  6 0.700  0.50  0.5485744E+00  0.1356573E+01
 36  7 0.700  0.60  0.5509453E+00  0.1356573E+01
 36  8 0.700  0.70  0.5531906E+00  0.1356573E+01
 36  9 0.700  0.80  0.5550321E+00  0.1356573E+01
 36 10 0.700  0.90  0.5561486E+00  0.1356573E+01
 36 11 0.700  1.00  0.5561764E+00  0.1356573E+01

 37  1 0.720  0.00  0.5316724E+00  0.1342433E+01
 37  2 0.720  0.10  0.5319596E+00  0.1342433E+01
 37  3 0.720  0.20  0.5328020E+00  0.1342433E+01
 37  4 0.720  0.30  0.5341424E+00  0.1342433E+01
 37  5 0.720  0.40  0.5358857E+00  0.1342433E+01
 37  6 0.720  0.50  0.5378984E+00  0.1342433E+01
 37  7 0.720  0.60  0.5400089E+00  0.1342433E+01
 37  8 0.720  0.70  0.5420077E+00  0.1342433E+01
 37  9 0.720  0.80  0.5436471E+00  0.1342433E+01
 37 10 0.720  0.90  0.5446410E+00  0.1342433E+01
 37 11 0.720  1.00  0.5446657E+00  0.1342433E+01

 38  1 0.740  0.00  0.5220863E+00  0.1329162E+01
 38  2 0.740  0.10  0.5223427E+00  0.1329162E+01
 38  3 0.740  0.20  0.5230948E+00  0.1329162E+01
 38  4 0.740  0.30  0.5242916E+00  0.1329162E+01
 38  5 0.740  0.40  0.5258481E+00  0.1329162E+01
 38  6 0.740  0.50  0.5276451E+00  0.1329162E+01
 38  7 0.740  0.60  0.5295294E+00  0.1329162E+01
 38  8 0.740  0.70  0.5313140E+00  0.1329162E+01
 38  9 0.740  0.80  0.5327776E+00  0.1329162E+01
 38 10 0.740  0.90  0.5336651E+00  0.1329162E+01
 38 11 0.740  1.00  0.5336871E+00  0.1329162E+01

 39  1 0.760  0.00  0.5128078E+00  0.1316688E+01
 39  2 0.760  0.10  0.5130373E+00  0.1316688E+01
 39  3 0.760  0.20  0.5137107E+00  0.1316688E+01
 39  4 0.760  0.30  0.5147822E+00  0.1316688E+01
 39  5 0.760  0.40  0.5161757E+00  0.1316688E+01
 39  6 0.760  0.50  0.5177846E+00  0.1316688E+01
 39  7 0.760  0.60  0.5194716E+00  0.1316688E+01
 39  8 0.760  0.70  0.5210694E+00  0.1316688E+01
 39  9 0.760  0.80  0.5223799E+00  0.1316688E+01
 39 10 0.760  0.90  0.5231744E+00  0.1316688E+01
 39 11 0.760  1.00  0.5231941E+00  0.1316688E+01

 40  1 0.780  0.00  0.5038230E+00  0.1304947E+01
 40  2 0.780  0.10  0.5040290E+00  0.1304947E+01
 40  3 0.780  0.20  0.5046335E+00  0.1304947E+01
 40  4 0.780  0.30  0.5055954E+00  0.1304947E+01
 40  5 0.780  0.40  0.5068463E+00  0.1304947E+01
 40  6 0.780  0.50  0.5082906E+00  0.1304947E+01
 40  7 0.780  0.60  0.5098051E+00  0.1304947E+01
 40  8 0.780  0.70  0.5112393E+00  0.1304947E+01
 40  9 0.780  0.80  0.5124157E+00  0.1304947E+01
 40 10 0.780  0.90  0.5131290E+00  0.1304947E+01
 40 11 0.780  1.00  0.5131467E+00  0.1304947E+01

 41  1 0.800  0.00  0.4951189E+00  0.1293882E+01
 41  2 0.800  0.10  0.4953043E+00  0.1293882E+01
 41  3 0.800  0.20  0.4958484E+00  0.1293882E+01
 41  4 0.800  0.30  0.4967140E+00  0.1293882E+01
 41  5 0.800  0.40  0.4978398E+00  0.1293882E+01
 41  6 0.800  0.50  0.4991395E+00  0.1293882E+01
 41  7 0.800  0.60  0.5005025E+00  0.1293882E+01
 41  8 0.800  0.70  0.5017933E+00  0.1293882E+01
 41  9 0.800  0.80  0.5028520E+00  0.1293882E+01
 41 10 0.800  0.90  0.5034938E+00  0.1293882E+01
 41 11 0.800  1.00  0.5035098E+00  0.1293882E+01

 42  1 0.820  0.00  0.4866834E+00  0.1283439E+01
 42  2 0.820  0.10  0.4868507E+00  0.1283439E+01
 42  3 0.820  0.20  0.4873415E+00  0.1283439E+01
 42  4 0.820  0.30  0.4881224E+00  0.1283439E+01
 42  5 0.820  0.40  0.4891379E+00  0.1283439E+01
 42  6 0.820  0.50  0.4903105E+00  0.1283439E+01
 42  7 0.820  0.60  0.4915400E+00  0.1283439E+01
 42  8 0.820  0.70  0.4927045E+00  0.1283439E+01
 42  9 0.820  0.80  0.4936595E+00  0.1283439E+01
 42 10 0.820  0.90  0.4942386E+00  0.1283439E+01
 42 11 0.820  1.00  0.4942529E+00  0.1283439E+01

 43  1 0.840  0.00  0.4785049E+00  0.1273572E+01
 43  2 0.840  0.10  0.4786561E+00  0.1273572E+01
 43  3 0.840  0.20  0.4790999E+00  0.1273572E+01
 43  4 0.840  0.30  0.4798060E+00  0.1273572E+01
 43  5 0.840  0.40  0.4807243E+00  0.1273572E+01
 43  6 0.840  0.50  0.4817844E+00  0.1273572E+01
 43  7 0.840  0.60  0.4828962E+00  0.1273572E+01
 43  8 0.840  0.70  0.4839491E+00  0.1273572E+01
 43  9 0.840  0.80  0.4848126E+00  0.1273572E+01
 43 10 0.840  0.90  0.4853362E+00  0.1273572E+01
 43 11 0.840  1.00  0.4853492E+00  0.1273572E+01

 44  1 0.860  0.00  0.4705727E+00  0.1264239E+01
 44  2 0.860  0.10  0.4707098E+00  0.1264239E+01
 44  3 0.860  0.20  0.4711119E+00  0.1264239E+01
 44  4 0.860  0.30  0.4717517E+00  0.1264239E+01
 44  5 0.860  0.40  0.4725838E+00  0.1264239E+01
 44  6 0.860  0.50  0.4735445E+00  0.1264239E+01
 44  7 0.860  0.60  0.4745519E+00  0.1264239E+01
 44  8 0.860  0.70  0.4755060E+00  0.1264239E+01
 44  9 0.860  0.80  0.4762885E+00  0.1264239E+01
 44 10 0.860  0.90  0.4767630E+00  0.1264239E+01
 44 11 0.860  1.00  0.4767748E+00  0.1264239E+01

 45  1 0.880  0.00  0.4628763E+00  0.1255401E+01
 45  2 0.880  0.10  0.4630008E+00  0.1255401E+01
 45  3 0.880  0.20  0.4633659E+00  0.1255401E+01
 45  4 0.880  0.30  0.4639469E+00  0.1255401E+01
 45  5 0.880  0.40  0.4647025E+00  0.1255401E+01
 45  6 0.880  0.50  0.4655749E+00  0.1255401E+01
 45  7 0.880  0.60  0.4664897E+00  0.1255401E+01
 45  8 0.880  0.70  0.4673561E+00  0.1255401E+01
 45  9 0.880  0.80  0.4680667E+00  0.1255401E+01
 45 10 0.880  0.90  0.4684975E+00  0.1255401E+01
 45 11 0.880  1.00  0.4685082E+00  0.1255401E+01

 46  1 0.900  0.00  0.4554064E+00  0.1247021E+01
 46  2 0.900  0.10  0.4555196E+00  0.1247021E+01
 46  3 0.900  0.20  0.4558519E+00  0.1247021E+01
 46  4 0.900  0.30  0.4563805E+00  0.1247021E+01
 46  5 0.900  0.40  0.4570681E+00  0.1247021E+01
 46  6 0.900  0.50  0.4578618E+00  0.1247021E+01
 46  7 0.900  0.60  0.4586942E+00  0.1247021E+01
 46  8 0.900  0.70  0.4594825E+00  0.1247021E+01
 46  9 0.900  0.80  0.4601290E+00  0.1247021E+01
 46 10 0.900  0.90  0.4605210E+00  0.1247021E+01
 46 11 0.900  1.00  0.4605308E+00  0.1247021E+01

 47  1 0.920  0.00  0.4481534E+00  0.1239070E+01
 47  2 0.920  0.10  0.4482566E+00  0.1239070E+01
 47  3 0.920  0.20  0.4485595E+00  0.1239070E+01
 47  4 0.920  0.30  0.4490415E+00  0.1239070E+01
 47  5 0.920  0.40  0.4496682E+00  0.1239070E+01
 47  6 0.920  0.50  0.4503919E+00  0.1239070E+01
 47  7 0.920  0.60  0.4511507E+00  0.1239070E+01
 47  8 0.920  0.70  0.4518693E+00  0.1239070E+01
 47  9 0.920  0.80  0.4524587E+00  0.1239070E+01
 47 10 0.920  0.90  0.4528161E+00  0.1239070E+01
 47 11 0.920  1.00  0.4528250E+00  0.1239070E+01

 48  1 0.940  0.00  0.4411087E+00  0.1231516E+01
 48  2 0.940  0.10  0.4412030E+00  0.1231516E+01
 48  3 0.940  0.20  0.4414797E+00  0.1231516E+01
 48  4 0.940  0.30  0.4419198E+00  0.1231516E+01
 48  5 0.940  0.40  0.4424923E+00  0.1231516E+01
 48  6 0.940  0.50  0.4431532E+00  0.1231516E+01
 48  7 0.940  0.60  0.4438463E+00  0.1231516E+01
 48  8 0.940  0.70  0.4445026E+00  0.1231516E+01
 48  9 0.940  0.80  0.4450409E+00  0.1231516E+01
 48 10 0.940  0.90  0.4453673E+00  0.1231516E+01
 48 11 0.940  1.00  0.4453754E+00  0.1231516E+01

 49  1 0.960  0.00  0.4342642E+00  0.1224334E+01
 49  2 0.960  0.10  0.4343505E+00  0.1224334E+01
 49  3 0.960  0.20  0.4346036E+00  0.1224334E+01
 49  4 0.960  0.30  0.4350063E+00  0.1224334E+01
 49  5 0.960  0.40  0.4355301E+00  0.1224334E+01
 49  6 0.960  0.50  0.4361348E+00  0.1224334E+01
 49  7 0.960  0.60  0.4367689E+00  0.1224334E+01
 49  8 0.960  0.70  0.4373694E+00  0.1224334E+01
 49  9 0.960  0.80  0.4378619E+00  0.1224334E+01
 49 10 0.960  0.90  0.4381606E+00  0.1224334E+01
 49 11 0.960  1.00  0.4381680E+00  0.1224334E+01

 50  1 0.980  0.00  0.4276118E+00  0.1217498E+01
 50  2 0.980  0.10  0.4276909E+00  0.1217498E+01
 50  3 0.980  0.20  0.4279228E+00  0.1217498E+01
 50  4 0.980  0.30  0.4282920E+00  0.1217498E+01
 50  5 0.980  0.40  0.4287720E+00  0.1217498E+01
 50  6 0.980  0.50  0.4293262E+00  0.1217498E+01
 50  7 0.980  0.60  0.4299074E+00  0.1217498E+01
 50  8 0.980  0.70  0.4304578E+00  0.1217498E+01
 50  9 0.980  0.80  0.4309092E+00  0.1217498E+01
 50 10 0.980  0.90  0.4311829E+00  0.1217498E+01
 50 11 0.980  1.00  0.4311897E+00  0.1217498E+01

 51  1 1.000  0.00  0.4211443E+00  0.1210987E+01
 51  2 1.000  0.10  0.4212169E+00  0.1210987E+01
 51  3 1.000  0.20  0.4214298E+00  0.1210987E+01
 51  4 1.000  0.30  0.4217687E+00  0.1210987E+01
 51  5 1.000  0.40  0.4222094E+00  0.1210987E+01
 51  6 1.000  0.50  0.4227181E+00  0.1210987E+01
 51  7 1.000  0.60  0.4232516E+00  0.1210987E+01
 51  8 1.000  0.70  0.4237569E+00  0.1210987E+01
 51  9 1.000  0.80  0.4241713E+00  0.1210987E+01
 51 10 1.000  0.90  0.4244226E+00  0.1210987E+01
 51 11 1.000  1.00  0.4244288E+00  0.1210987E+01

