# getMm vers. 0.1 starts...
#ROWS=   51
#COLS=   11
#theta=  0.7853982E+00   #radians =  45.00 deg.
# iao2c  iaob   a/2c   a/B     Mm   phi
  1  1 0.000  0.00  0.9583645E+00  0.1000000E+01
  1  2 0.000  0.10  0.9929205E+00  0.1000000E+01
  1  3 0.000  0.20  0.1109918E+01  0.1000000E+01
  1  4 0.000  0.30  0.1349462E+01  0.1000000E+01
  1  5 0.000  0.40  0.1778791E+01  0.1000000E+01
  1  6 0.000  0.50  0.2492859E+01  0.1000000E+01
  1  7 0.000  0.60  0.3615167E+01  0.1000000E+01
  1  8 0.000  0.70  0.5298818E+01  0.1000000E+01
  1  9 0.000  0.80  0.7727817E+01  0.1000000E+01
  1 10 0.000  0.90  0.1111860E+02  0.1000000E+01
  1 11 0.000  1.00  0.1572180E+02  0.1000000E+01

  2  1 0.020  0.00  0.9522585E+00  0.1003607E+01
  2  2 0.020  0.10  0.9796993E+00  0.1003607E+01
  2  3 0.020  0.20  0.1066493E+01  0.1003607E+01
  2  4 0.020  0.30  0.1226090E+01  0.1003607E+01
  2  5 0.020  0.40  0.1481044E+01  0.1003607E+01
  2  6 0.020  0.50  0.1863195E+01  0.1003607E+01
  2  7 0.020  0.60  0.2413956E+01  0.1003607E+01
  2  8 0.020  0.70  0.3184653E+01  0.1003607E+01
  2  9 0.020  0.80  0.4236962E+01  0.1003607E+01
  2 10 0.020  0.90  0.5643410E+01  0.1003607E+01
  2 11 0.020  1.00  0.7487965E+01  0.1003607E+01

  3  1 0.040  0.00  0.9431428E+00  0.1011276E+01
  3  2 0.040  0.10  0.9656799E+00  0.1011276E+01
  3  3 0.040  0.20  0.1034403E+01  0.1011276E+01
  3  4 0.040  0.30  0.1152655E+01  0.1011276E+01
  3  5 0.040  0.40  0.1326040E+01  0.1011276E+01
  3  6 0.040  0.50  0.1562468E+01  0.1011276E+01
  3  7 0.040  0.60  0.1872218E+01  0.1011276E+01
  3  8 0.040  0.70  0.2268024E+01  0.1011276E+01
  3  9 0.040  0.80  0.2765174E+01  0.1011276E+01
  3 10 0.040  0.90  0.3381628E+01  0.1011276E+01
  3 11 0.040  1.00  0.4138160E+01  0.1011276E+01

  4  1 0.060  0.00  0.9321894E+00  0.1021899E+01
  4  2 0.060  0.10  0.9511277E+00  0.1021899E+01
  4  3 0.060  0.20  0.1007862E+01  0.1021899E+01
  4  4 0.060  0.30  0.1102147E+01  0.1021899E+01
  4  5 0.060  0.40  0.1233572E+01  0.1021899E+01
  4  6 0.060  0.50  0.1401553E+01  0.1021899E+01
  4  7 0.060  0.60  0.1605320E+01  0.1021899E+01
  4  8 0.060  0.70  0.1843911E+01  0.1021899E+01
  4  9 0.060  0.80  0.2116153E+01  0.1021899E+01
  4 10 0.060  0.90  0.2420649E+01  0.1021899E+01
  4 11 0.060  1.00  0.2755751E+01  0.1021899E+01

  5  1 0.080  0.00  0.9199722E+00  0.1034977E+01
  5  2 0.080  0.10  0.9361417E+00  0.1034977E+01
  5  3 0.080  0.20  0.9841906E+00  0.1034977E+01
  5  4 0.080  0.30  0.1062735E+01  0.1034977E+01
  5  5 0.080  0.40  0.1169453E+01  0.1034977E+01
  5  6 0.080  0.50  0.1301062E+01  0.1034977E+01
  5  7 0.080  0.60  0.1453286E+01  0.1034977E+01
  5  8 0.080  0.70  0.1620814E+01  0.1034977E+01
  5  9 0.080  0.80  0.1797250E+01  0.1034977E+01
  5 10 0.080  0.90  0.1975052E+01  0.1034977E+01
  5 11 0.080  1.00  0.2145465E+01  0.1034977E+01

  6  1 0.100  0.00  0.9068918E+00  0.1050171E+01
  6  2 0.100  0.10  0.9208581E+00  0.1050171E+01
  6  3 0.100  0.20  0.9622079E+00  0.1050171E+01
  6  4 0.100  0.30  0.1029288E+01  0.1050171E+01
  6  5 0.100  0.40  0.1119327E+01  0.1050171E+01
  6  6 0.100  0.50  0.1228406E+01  0.1050171E+01
  6  7 0.100  0.60  0.1351422E+01  0.1050171E+01
  6  8 0.100  0.70  0.1482043E+01  0.1050171E+01
  6  9 0.100  0.80  0.1612642E+01  0.1050171E+01
  6 10 0.100  0.90  0.1734238E+01  0.1050171E+01
  6 11 0.100  1.00  0.1836406E+01  0.1050171E+01

  7  1 0.120  0.00  0.8932539E+00  0.1067221E+01
  7  2 0.120  0.10  0.9054239E+00  0.1067221E+01
  7  3 0.120  0.20  0.9413912E+00  0.1067221E+01
  7  4 0.120  0.30  0.9995230E+00  0.1067221E+01
  7  5 0.120  0.40  0.1077080E+01  0.1067221E+01
  7  6 0.120  0.50  0.1170192E+01  0.1067221E+01
  7  7 0.120  0.60  0.1273818E+01  0.1067221E+01
  7  8 0.120  0.70  0.1381704E+01  0.1067221E+01
  7  9 0.120  0.80  0.1486320E+01  0.1067221E+01
  7 10 0.120  0.90  0.1578798E+01  0.1067221E+01
  7 11 0.120  1.00  0.1648848E+01  0.1067221E+01

  8  1 0.140  0.00  0.8792981E+00  0.1085912E+01
  8  2 0.140  0.10  0.8899769E+00  0.1085912E+01
  8  3 0.140  0.20  0.9215055E+00  0.1085912E+01
  8  4 0.140  0.30  0.9723555E+00  0.1085912E+01
  8  5 0.140  0.40  0.1039963E+01  0.1085912E+01
  8  6 0.140  0.50  0.1120707E+01  0.1085912E+01
  8  7 0.140  0.60  0.1209869E+01  0.1085912E+01
  8  8 0.140  0.70  0.1301596E+01  0.1085912E+01
  8  9 0.140  0.80  0.1388844E+01  0.1085912E+01
  8 10 0.140  0.90  0.1463315E+01  0.1085912E+01
  8 11 0.140  1.00  0.1515385E+01  0.1085912E+01

  9  1 0.160  0.00  0.8652132E+00  0.1106064E+01
  9  2 0.160  0.10  0.8746367E+00  0.1106064E+01
  9  3 0.160  0.20  0.9024399E+00  0.1106064E+01
  9  4 0.160  0.30  0.9472168E+00  0.1106064E+01
  9  5 0.160  0.40  0.1006609E+01  0.1106064E+01
  9  6 0.160  0.50  0.1077285E+01  0.1106064E+01
  9  7 0.160  0.60  0.1154905E+01  0.1106064E+01
  9  8 0.160  0.70  0.1234085E+01  0.1106064E+01
  9  9 0.160  0.80  0.1308346E+01  0.1106064E+01
  9 10 0.160  0.90  0.1370057E+01  0.1106064E+01
  9 11 0.160  1.00  0.1410365E+01  0.1106064E+01

 10  1 0.180  0.00  0.8511469E+00  0.1127517E+01
 10  2 0.180  0.10  0.8595016E+00  0.1127517E+01
 10  3 0.180  0.20  0.8841380E+00  0.1127517E+01
 10  4 0.180  0.30  0.9237702E+00  0.1127517E+01
 10  5 0.180  0.40  0.9762407E+00  0.1127517E+01
 10  6 0.180  0.50  0.1038501E+01  0.1127517E+01
 10  7 0.180  0.60  0.1106582E+01  0.1127517E+01
 10  8 0.180  0.70  0.1175560E+01  0.1127517E+01
 10  9 0.180  0.80  0.1239507E+01  0.1127517E+01
 10 10 0.180  0.90  0.1291443E+01  0.1127517E+01
 10 11 0.180  1.00  0.1323272E+01  0.1127517E+01

 11  1 0.200  0.00  0.8372134E+00  0.1150133E+01
 11  2 0.200  0.10  0.8446493E+00  0.1150133E+01
 11  3 0.200  0.20  0.8665668E+00  0.1150133E+01
 11  4 0.200  0.30  0.9017914E+00  0.1150133E+01
 11  5 0.200  0.40  0.9483537E+00  0.1150133E+01
 11  6 0.200  0.50  0.1003470E+01  0.1150133E+01
 11  7 0.200  0.60  0.1063518E+01  0.1150133E+01
 11  8 0.200  0.70  0.1124001E+01  0.1150133E+01
 11  9 0.200  0.80  0.1179508E+01  0.1150133E+01
 11 10 0.200  0.90  0.1223668E+01  0.1150133E+01
 11 11 0.200  1.00  0.1249089E+01  0.1150133E+01

 12  1 0.220  0.00  0.8234989E+00  0.1173788E+01
 12  2 0.220  0.10  0.8301386E+00  0.1173788E+01
 12  3 0.220  0.20  0.8497017E+00  0.1173788E+01
 12  4 0.220  0.30  0.8811172E+00  0.1173788E+01
 12  5 0.220  0.40  0.9225885E+00  0.1173788E+01
 12  6 0.220  0.50  0.9715772E+00  0.1173788E+01
 12  7 0.220  0.60  0.1024779E+01  0.1173788E+01
 12  8 0.220  0.70  0.1078092E+01  0.1173788E+01
 12  9 0.220  0.80  0.1126583E+01  0.1173788E+01
 12 10 0.220  0.90  0.1164440E+01  0.1173788E+01
 12 11 0.220  1.00  0.1184923E+01  0.1173788E+01

 13  1 0.240  0.00  0.8100665E+00  0.1198375E+01
 13  2 0.240  0.10  0.8160113E+00  0.1198375E+01
 13  3 0.240  0.20  0.8335211E+00  0.1198375E+01
 13  4 0.240  0.30  0.8616198E+00  0.1198375E+01
 13  5 0.240  0.40  0.8986704E+00  0.1198375E+01
 13  6 0.240  0.50  0.9423591E+00  0.1198375E+01
 13  7 0.240  0.60  0.9896746E+00  0.1198375E+01
 13  8 0.240  0.70  0.1036880E+01  0.1198375E+01
 13  9 0.240  0.80  0.1079478E+01  0.1198375E+01
 13 10 0.240  0.90  0.1112173E+01  0.1198375E+01
 13 11 0.240  1.00  0.1128825E+01  0.1198375E+01

 14  1 0.260  0.00  0.7969611E+00  0.1223796E+01
 14  2 0.260  0.10  0.8022954E+00  0.1223796E+01
 14  3 0.260  0.20  0.8180029E+00  0.1223796E+01
 14  4 0.260  0.30  0.8431949E+00  0.1223796E+01
 14  5 0.260  0.40  0.8763807E+00  0.1223796E+01
 14  6 0.260  0.50  0.9154537E+00  0.1223796E+01
 14  7 0.260  0.60  0.9576723E+00  0.1223796E+01
 14  8 0.260  0.70  0.9996337E+00  0.1223796E+01
 14  9 0.260  0.80  0.1037244E+01  0.1223796E+01
 14 10 0.260  0.90  0.1065682E+01  0.1223796E+01
 14 11 0.260  1.00  0.1079356E+01  0.1223796E+01

 15  1 0.280  0.00  0.7842125E+00  0.1249963E+01
 15  2 0.280  0.10  0.7890075E+00  0.1249963E+01
 15  3 0.280  0.20  0.8031240E+00  0.1249963E+01
 15  4 0.280  0.30  0.8257535E+00  0.1249963E+01
 15  5 0.280  0.40  0.8555404E+00  0.1249963E+01
 15  6 0.280  0.50  0.8905689E+00  0.1249963E+01
 15  7 0.280  0.60  0.9283453E+00  0.1249963E+01
 15  8 0.280  0.70  0.9657753E+00  0.1249963E+01
 15  9 0.280  0.80  0.9991358E+00  0.1249963E+01
 15 10 0.280  0.90  0.1024042E+01  0.1249963E+01
 15 11 0.280  1.00  0.1035409E+01  0.1249963E+01

 16  1 0.300  0.00  0.7718385E+00  0.1276800E+01
 16  2 0.300  0.10  0.7761547E+00  0.1276800E+01
 16  3 0.300  0.20  0.7888591E+00  0.1276800E+01
 16  4 0.300  0.30  0.8092178E+00  0.1276800E+01
 16  5 0.300  0.40  0.8359993E+00  0.1276800E+01
 16  6 0.300  0.50  0.8674638E+00  0.1276800E+01
 16  7 0.300  0.60  0.9013465E+00  0.1276800E+01
 16  8 0.300  0.70  0.9348372E+00  0.1276800E+01
 16  9 0.300  0.80  0.9645545E+00  0.1276800E+01
 16 10 0.300  0.90  0.9865165E+00  0.1276800E+01
 16 11 0.300  1.00  0.9961054E+00  0.1276800E+01

 17  1 0.320  0.00  0.7598481E+00  0.1304236E+01
 17  2 0.320  0.10  0.7637370E+00  0.1304236E+01
 17  3 0.320  0.20  0.7751824E+00  0.1304236E+01
 17  4 0.320  0.30  0.7935187E+00  0.1304236E+01
 17  5 0.320  0.40  0.8176297E+00  0.1304236E+01
 17  6 0.320  0.50  0.8459376E+00  0.1304236E+01
 17  7 0.320  0.60  0.8763893E+00  0.1304236E+01
 17  8 0.320  0.70  0.9064366E+00  0.1304236E+01
 17  9 0.320  0.80  0.9330142E+00  0.1304236E+01
 17 10 0.320  0.90  0.9525115E+00  0.1304236E+01
 17 11 0.320  1.00  0.9607422E+00  0.1304236E+01

 18  1 0.340  0.00  0.7482427E+00  0.1332210E+01
 18  2 0.340  0.10  0.7517487E+00  0.1332210E+01
 18  3 0.340  0.20  0.7620665E+00  0.1332210E+01
 18  4 0.340  0.30  0.7785940E+00  0.1332210E+01
 18  5 0.340  0.40  0.8003210E+00  0.1332210E+01
 18  6 0.340  0.50  0.8258201E+00  0.1332210E+01
 18  7 0.340  0.60  0.8532336E+00  0.1332210E+01
 18  8 0.340  0.70  0.8802560E+00  0.1332210E+01
 18  9 0.340  0.80  0.9041137E+00  0.1332210E+01
 18 10 0.340  0.90  0.9215402E+00  0.1332210E+01
 18 11 0.340  1.00  0.9287477E+00  0.1332210E+01

 19  1 0.360  0.00  0.7370186E+00  0.1360666E+01
 19  2 0.360  0.10  0.7401802E+00  0.1360666E+01
 19  3 0.360  0.20  0.7494841E+00  0.1360666E+01
 19  4 0.360  0.30  0.7643868E+00  0.1360666E+01
 19  5 0.360  0.40  0.7839769E+00  0.1360666E+01
 19  6 0.360  0.50  0.8069657E+00  0.1360666E+01
 19  7 0.360  0.60  0.8316768E+00  0.1360666E+01
 19  8 0.360  0.70  0.8560294E+00  0.1360666E+01
 19  9 0.360  0.80  0.8775202E+00  0.1360666E+01
 19 10 0.360  0.90  0.8932011E+00  0.1360666E+01
 19 11 0.360  1.00  0.8996537E+00  0.1360666E+01

 20  1 0.380  0.00  0.7261682E+00  0.1389553E+01
 20  2 0.380  0.10  0.7290186E+00  0.1389553E+01
 20  3 0.380  0.20  0.7374074E+00  0.1389553E+01
 20  4 0.380  0.30  0.7508453E+00  0.1389553E+01
 20  5 0.380  0.40  0.7685121E+00  0.1389553E+01
 20  6 0.380  0.50  0.7892485E+00  0.1389553E+01
 20  7 0.380  0.60  0.8115458E+00  0.1389553E+01
 20  8 0.380  0.70  0.8335317E+00  0.1389553E+01
 20  9 0.380  0.80  0.8529538E+00  0.1389553E+01
 20 10 0.380  0.90  0.8671593E+00  0.1389553E+01
 20 11 0.380  1.00  0.8730723E+00  0.1389553E+01

 21  1 0.400  0.00  0.7156808E+00  0.1418827E+01
 21  2 0.400  0.10  0.7182494E+00  0.1418827E+01
 21  3 0.400  0.20  0.7258091E+00  0.1418827E+01
 21  4 0.400  0.30  0.7379215E+00  0.1418827E+01
 21  5 0.400  0.40  0.7538513E+00  0.1418827E+01
 21  6 0.400  0.50  0.7725589E+00  0.1418827E+01
 21  7 0.400  0.60  0.7926918E+00  0.1418827E+01
 21  8 0.400  0.70  0.8125713E+00  0.1418827E+01
 21  9 0.400  0.80  0.8301781E+00  0.1418827E+01
 21 10 0.400  0.90  0.8431336E+00  0.1418827E+01
 21 11 0.400  1.00  0.8486803E+00  0.1418827E+01

 22  1 0.420  0.00  0.7055444E+00  0.1448447E+01
 22  2 0.420  0.10  0.7078565E+00  0.1448447E+01
 22  3 0.420  0.20  0.7146629E+00  0.1448447E+01
 22  4 0.420  0.30  0.7255720E+00  0.1448447E+01
 22  5 0.420  0.40  0.7399275E+00  0.1448447E+01
 22  6 0.420  0.50  0.7568014E+00  0.1448447E+01
 22  7 0.420  0.60  0.7749865E+00  0.1448447E+01
 22  8 0.420  0.70  0.7929841E+00  0.1448447E+01
 22  9 0.420  0.80  0.8089918E+00  0.1448447E+01
 22 10 0.420  0.90  0.8208864E+00  0.1448447E+01
 22 11 0.420  1.00  0.8262063E+00  0.1448447E+01

 23  1 0.440  0.00  0.6957449E+00  0.1478377E+01
 23  2 0.440  0.10  0.6978233E+00  0.1478377E+01
 23  3 0.440  0.20  0.7039430E+00  0.1478377E+01
 23  4 0.440  0.30  0.7137563E+00  0.1478377E+01
 23  5 0.440  0.40  0.7266804E+00  0.1478377E+01
 23  6 0.440  0.50  0.7418915E+00  0.1478377E+01
 23  7 0.440  0.60  0.7583175E+00  0.1478377E+01
 23  8 0.440  0.70  0.7746279E+00  0.1478377E+01
 23  9 0.440  0.80  0.7892221E+00  0.1478377E+01
 23 10 0.440  0.90  0.8002149E+00  0.1478377E+01
 23 11 0.440  1.00  0.8054205E+00  0.1478377E+01

 24  1 0.460  0.00  0.6862683E+00  0.1508584E+01
 24  2 0.460  0.10  0.6881329E+00  0.1508584E+01
 24  3 0.460  0.20  0.6936247E+00  0.1508584E+01
 24  4 0.460  0.30  0.7024372E+00  0.1508584E+01
 24  5 0.460  0.40  0.7140561E+00  0.1508584E+01
 24  6 0.460  0.50  0.7277547E+00  0.1508584E+01
 24  7 0.460  0.60  0.7425871E+00  0.1508584E+01
 24  8 0.460  0.70  0.7573797E+00  0.1508584E+01
 24  9 0.460  0.80  0.7707202E+00  0.1508584E+01
 24 10 0.460  0.90  0.7809457E+00  0.1508584E+01
 24 11 0.460  1.00  0.7861278E+00  0.1508584E+01

 25  1 0.480  0.00  0.6770998E+00  0.1539038E+01
 25  2 0.480  0.10  0.6787683E+00  0.1539038E+01
 25  3 0.480  0.20  0.6836847E+00  0.1539038E+01
 25  4 0.480  0.30  0.6915806E+00  0.1539038E+01
 25  5 0.480  0.40  0.7020059E+00  0.1539038E+01
 25  6 0.480  0.50  0.7143246E+00  0.1539038E+01
 25  7 0.480  0.60  0.7277090E+00  0.1539038E+01
 25  8 0.480  0.70  0.7411317E+00  0.1539038E+01
 25  9 0.480  0.80  0.7533570E+00  0.1539038E+01
 25 10 0.480  0.90  0.7629293E+00  0.1539038E+01
 25 11 0.480  1.00  0.7681608E+00  0.1539038E+01

 26  1 0.500  0.00  0.6682250E+00  0.1569713E+01
 26  2 0.500  0.10  0.6697024E+00  0.1569713E+01
 26  3 0.500  0.20  0.6740538E+00  0.1569713E+01
 26  4 0.500  0.30  0.6810378E+00  0.1569713E+01
 26  5 0.500  0.40  0.6902487E+00  0.1569713E+01
 26  6 0.500  0.50  0.7011133E+00  0.1569713E+01
 26  7 0.500  0.60  0.7128860E+00  0.1569713E+01
 26  8 0.500  0.70  0.7246412E+00  0.1569713E+01
 26  9 0.500  0.80  0.7352654E+00  0.1569713E+01
 26 10 0.500  0.90  0.7434474E+00  0.1569713E+01
 26 11 0.500  1.00  0.7476667E+00  0.1569713E+01

 27  1 0.520  0.00  0.6604313E+00  0.1540214E+01
 27  2 0.520  0.10  0.6617234E+00  0.1540214E+01
 27  3 0.520  0.20  0.6655300E+00  0.1540214E+01
 27  4 0.520  0.30  0.6716423E+00  0.1540214E+01
 27  5 0.520  0.40  0.6797096E+00  0.1540214E+01
 27  6 0.520  0.50  0.6892369E+00  0.1540214E+01
 27  7 0.520  0.60  0.6995800E+00  0.1540214E+01
 27  8 0.520  0.70  0.7099400E+00  0.1540214E+01
 27  9 0.520  0.80  0.7193566E+00  0.1540214E+01
 27 10 0.520  0.90  0.7266997E+00  0.1540214E+01
 27 11 0.520  1.00  0.7306600E+00  0.1540214E+01

 28  1 0.540  0.00  0.6529732E+00  0.1513080E+01
 28  2 0.540  0.10  0.6541101E+00  0.1513080E+01
 28  3 0.540  0.20  0.6574605E+00  0.1513080E+01
 28  4 0.540  0.30  0.6628425E+00  0.1513080E+01
 28  5 0.540  0.40  0.6699516E+00  0.1513080E+01
 28  6 0.540  0.50  0.6783578E+00  0.1513080E+01
 28  7 0.540  0.60  0.6875017E+00  0.1513080E+01
 28  8 0.540  0.70  0.6966900E+00  0.1513080E+01
 28  9 0.540  0.80  0.7050899E+00  0.1513080E+01
 28 10 0.540  0.90  0.7117221E+00  0.1513080E+01
 28 11 0.540  1.00  0.7154527E+00  0.1513080E+01

 29  1 0.560  0.00  0.6458212E+00  0.1488057E+01
 29  2 0.560  0.10  0.6468272E+00  0.1488057E+01
 29  3 0.560  0.20  0.6497926E+00  0.1488057E+01
 29  4 0.560  0.30  0.6545585E+00  0.1488057E+01
 29  5 0.560  0.40  0.6608590E+00  0.1488057E+01
 29  6 0.560  0.50  0.6683187E+00  0.1488057E+01
 29  7 0.560  0.60  0.6764495E+00  0.1488057E+01
 29  8 0.560  0.70  0.6846467E+00  0.1488057E+01
 29  9 0.560  0.80  0.6921844E+00  0.1488057E+01
 29 10 0.560  0.90  0.6982094E+00  0.1488057E+01
 29 11 0.560  1.00  0.7017348E+00  0.1488057E+01

 30  1 0.580  0.00  0.6389486E+00  0.1464924E+01
 30  2 0.580  0.10  0.6398435E+00  0.1464924E+01
 30  3 0.580  0.20  0.6424820E+00  0.1464924E+01
 30  4 0.580  0.30  0.6467248E+00  0.1464924E+01
 30  5 0.580  0.40  0.6523386E+00  0.1464924E+01
 30  6 0.580  0.50  0.6589938E+00  0.1464924E+01
 30  7 0.580  0.60  0.6662630E+00  0.1464924E+01
 30  8 0.580  0.70  0.6736161E+00  0.1464924E+01
 30  9 0.580  0.80  0.6804174E+00  0.1464924E+01
 30 10 0.580  0.90  0.6859201E+00  0.1464924E+01
 30 11 0.580  1.00  0.6892610E+00  0.1464924E+01

 31  1 0.600  0.00  0.6323329E+00  0.1443488E+01
 31  2 0.600  0.10  0.6331329E+00  0.1443488E+01
 31  3 0.600  0.20  0.6354922E+00  0.1443488E+01
 31  4 0.600  0.30  0.6392879E+00  0.1443488E+01
 31  5 0.600  0.40  0.6443147E+00  0.1443488E+01
 31  6 0.600  0.50  0.6502823E+00  0.1443488E+01
 31  7 0.600  0.60  0.6568141E+00  0.1443488E+01
 31  8 0.600  0.70  0.6634437E+00  0.1443488E+01
 31  9 0.600  0.80  0.6696120E+00  0.1443488E+01
 31 10 0.600  0.90  0.6746623E+00  0.1443488E+01
 31 11 0.600  1.00  0.6778364E+00  0.1443488E+01

 32  1 0.620  0.00  0.6259537E+00  0.1423582E+01
 32  2 0.620  0.10  0.6266721E+00  0.1423582E+01
 32  3 0.620  0.20  0.6287916E+00  0.1423582E+01
 32  4 0.620  0.30  0.6322033E+00  0.1423582E+01
 32  5 0.620  0.40  0.6367254E+00  0.1423582E+01
 32  6 0.620  0.50  0.6421016E+00  0.1423582E+01
 32  7 0.620  0.60  0.6479986E+00  0.1423582E+01
 32  8 0.620  0.70  0.6540046E+00  0.1423582E+01
 32  9 0.620  0.80  0.6596254E+00  0.1423582E+01
 32 10 0.620  0.90  0.6642815E+00  0.1423582E+01
 32 11 0.620  1.00  0.6673038E+00  0.1423582E+01

 33  1 0.640  0.00  0.6197931E+00  0.1405060E+01
 33  2 0.640  0.10  0.6204412E+00  0.1405060E+01
 33  3 0.640  0.20  0.6223534E+00  0.1405060E+01
 33  4 0.640  0.30  0.6254334E+00  0.1405060E+01
 33  5 0.640  0.40  0.6295195E+00  0.1405060E+01
 33  6 0.640  0.50  0.6343842E+00  0.1405060E+01
 33  7 0.640  0.60  0.6397319E+00  0.1405060E+01
 33  8 0.640  0.70  0.6451972E+00  0.1405060E+01
 33  9 0.640  0.80  0.6503417E+00  0.1405060E+01
 33 10 0.640  0.90  0.6546522E+00  0.1405060E+01
 33 11 0.640  1.00  0.6575359E+00  0.1405060E+01

 34  1 0.660  0.00  0.6138354E+00  0.1387791E+01
 34  2 0.660  0.10  0.6144224E+00  0.1387791E+01
 34  3 0.660  0.20  0.6161547E+00  0.1387791E+01
 34  4 0.660  0.30  0.6189467E+00  0.1387791E+01
 34  5 0.660  0.40  0.6226541E+00  0.1387791E+01
 34  6 0.660  0.50  0.6270744E+00  0.1387791E+01
 34  7 0.660  0.60  0.6319441E+00  0.1387791E+01
 34  8 0.660  0.70  0.6369380E+00  0.1387791E+01
 34  9 0.660  0.80  0.6416663E+00  0.1387791E+01
 34 10 0.660  0.90  0.6456721E+00  0.1387791E+01
 34 11 0.660  1.00  0.6484287E+00  0.1387791E+01

 35  1 0.680  0.00  0.6080666E+00  0.1371663E+01
 35  2 0.680  0.10  0.6086003E+00  0.1371663E+01
 35  3 0.680  0.20  0.6101758E+00  0.1371663E+01
 35  4 0.680  0.30  0.6127164E+00  0.1371663E+01
 35  5 0.680  0.40  0.6160934E+00  0.1371663E+01
 35  6 0.680  0.50  0.6201255E+00  0.1371663E+01
 35  7 0.680  0.60  0.6245773E+00  0.1371663E+01
 35  8 0.680  0.70  0.6291586E+00  0.1371663E+01
 35  9 0.680  0.80  0.6335209E+00  0.1371663E+01
 35 10 0.680  0.90  0.6372568E+00  0.1371663E+01
 35 11 0.680  1.00  0.6398962E+00  0.1371663E+01

 36  1 0.700  0.00  0.6024741E+00  0.1356573E+01
 36  2 0.700  0.10  0.6029611E+00  0.1356573E+01
 36  3 0.700  0.20  0.6043992E+00  0.1356573E+01
 36  4 0.700  0.30  0.6067196E+00  0.1356573E+01
 36  5 0.700  0.40  0.6098068E+00  0.1356573E+01
 36  6 0.700  0.50  0.6134983E+00  0.1356573E+01
 36  7 0.700  0.60  0.6175833E+00  0.1356573E+01
 36  8 0.700  0.70  0.6218013E+00  0.1356573E+01
 36  9 0.700  0.80  0.6258406E+00  0.1356573E+01
 36 10 0.700  0.90  0.6293361E+00  0.1356573E+01
 36 11 0.700  1.00  0.6318672E+00  0.1356573E+01

 37  1 0.720  0.00  0.5970466E+00  0.1342433E+01
 37  2 0.720  0.10  0.5974925E+00  0.1342433E+01
 37  3 0.720  0.20  0.5988097E+00  0.1342433E+01
 37  4 0.720  0.30  0.6009363E+00  0.1342433E+01
 37  5 0.720  0.40  0.6037684E+00  0.1342433E+01
 37  6 0.720  0.50  0.6071599E+00  0.1342433E+01
 37  7 0.720  0.60  0.6109212E+00  0.1342433E+01
 37  8 0.720  0.70  0.6148183E+00  0.1342433E+01
 37  9 0.720  0.80  0.6185710E+00  0.1342433E+01
 37 10 0.720  0.90  0.6218515E+00  0.1342433E+01
 37 11 0.720  1.00  0.6242822E+00  0.1342433E+01

 38  1 0.740  0.00  0.5917740E+00  0.1329162E+01
 38  2 0.740  0.10  0.5921836E+00  0.1329162E+01
 38  3 0.740  0.20  0.5933941E+00  0.1329162E+01
 38  4 0.740  0.30  0.5953494E+00  0.1329162E+01
 38  5 0.740  0.40  0.5979561E+00  0.1329162E+01
 38  6 0.740  0.50  0.6010822E+00  0.1329162E+01
 38  7 0.740  0.60  0.6045569E+00  0.1329162E+01
 38  8 0.740  0.70  0.6081690E+00  0.1329162E+01
 38  9 0.740  0.80  0.6116665E+00  0.1329162E+01
 38 10 0.740  0.90  0.6147538E+00  0.1329162E+01
 38 11 0.740  1.00  0.6170911E+00  0.1329162E+01

 39  1 0.760  0.00  0.5866472E+00  0.1316688E+01
 39  2 0.760  0.10  0.5870247E+00  0.1316688E+01
 39  3 0.760  0.20  0.5881404E+00  0.1316688E+01
 39  4 0.760  0.30  0.5899439E+00  0.1316688E+01
 39  5 0.760  0.40  0.5923505E+00  0.1316688E+01
 39  6 0.760  0.50  0.5952408E+00  0.1316688E+01
 39  7 0.760  0.60  0.5984606E+00  0.1316688E+01
 39  8 0.760  0.70  0.6018191E+00  0.1316688E+01
 39  9 0.760  0.80  0.6050882E+00  0.1316688E+01
 39 10 0.760  0.90  0.6080013E+00  0.1316688E+01
 39 11 0.760  1.00  0.6102515E+00  0.1316688E+01

 40  1 0.780  0.00  0.5816578E+00  0.1304947E+01
 40  2 0.780  0.10  0.5820068E+00  0.1304947E+01
 40  3 0.780  0.20  0.5830383E+00  0.1304947E+01
 40  4 0.780  0.30  0.5847066E+00  0.1304947E+01
 40  5 0.780  0.40  0.5869350E+00  0.1304947E+01
 40  6 0.780  0.50  0.5896153E+00  0.1304947E+01
 40  7 0.780  0.60  0.5926076E+00  0.1304947E+01
 40  8 0.780  0.70  0.5957390E+00  0.1304947E+01
 40  9 0.780  0.80  0.5988032E+00  0.1304947E+01
 40 10 0.780  0.90  0.6015586E+00  0.1304947E+01
 40 11 0.780  1.00  0.6037273E+00  0.1304947E+01

 41  1 0.800  0.00  0.5767986E+00  0.1293882E+01
 41  2 0.800  0.10  0.5771220E+00  0.1293882E+01
 41  3 0.800  0.20  0.5780783E+00  0.1293882E+01
 41  4 0.800  0.30  0.5796259E+00  0.1293882E+01
 41  5 0.800  0.40  0.5816950E+00  0.1293882E+01
 41  6 0.800  0.50  0.5841874E+00  0.1293882E+01
 41  7 0.800  0.60  0.5869759E+00  0.1293882E+01
 41  8 0.800  0.70  0.5899037E+00  0.1293882E+01
 41  9 0.800  0.80  0.5927832E+00  0.1293882E+01
 41 10 0.800  0.90  0.5953951E+00  0.1293882E+01
 41 11 0.800  1.00  0.5974877E+00  0.1293882E+01

 42  1 0.820  0.00  0.5720626E+00  0.1283439E+01
 42  2 0.820  0.10  0.5723631E+00  0.1283439E+01
 42  3 0.820  0.20  0.5732520E+00  0.1283439E+01
 42  4 0.820  0.30  0.5746914E+00  0.1283439E+01
 42  5 0.820  0.40  0.5766177E+00  0.1283439E+01
 42  6 0.820  0.50  0.5789414E+00  0.1283439E+01
 42  7 0.820  0.60  0.5815468E+00  0.1283439E+01
 42  8 0.820  0.70  0.5842912E+00  0.1283439E+01
 42  9 0.820  0.80  0.5870038E+00  0.1283439E+01
 42 10 0.820  0.90  0.5894850E+00  0.1283439E+01
 42 11 0.820  1.00  0.5915059E+00  0.1283439E+01

 43  1 0.840  0.00  0.5674435E+00  0.1273572E+01
 43  2 0.840  0.10  0.5677235E+00  0.1273572E+01
 43  3 0.840  0.20  0.5685518E+00  0.1273572E+01
 43  4 0.840  0.30  0.5698939E+00  0.1273572E+01
 43  5 0.840  0.40  0.5716917E+00  0.1273572E+01
 43  6 0.840  0.50  0.5738637E+00  0.1273572E+01
 43  7 0.840  0.60  0.5763041E+00  0.1273572E+01
 43  8 0.840  0.70  0.5788827E+00  0.1273572E+01
 43  9 0.840  0.80  0.5814437E+00  0.1273572E+01
 43 10 0.840  0.90  0.5838054E+00  0.1273572E+01
 43 11 0.840  1.00  0.5857590E+00  0.1273572E+01

 44  1 0.860  0.00  0.5629358E+00  0.1264239E+01
 44  2 0.860  0.10  0.5631972E+00  0.1264239E+01
 44  3 0.860  0.20  0.5639709E+00  0.1264239E+01
 44  4 0.860  0.30  0.5652253E+00  0.1264239E+01
 44  5 0.860  0.40  0.5669072E+00  0.1264239E+01
 44  6 0.860  0.50  0.5689421E+00  0.1264239E+01
 44  7 0.860  0.60  0.5712333E+00  0.1264239E+01
 44  8 0.860  0.70  0.5736617E+00  0.1264239E+01
 44  9 0.860  0.80  0.5760850E+00  0.1264239E+01
 44 10 0.860  0.90  0.5783370E+00  0.1264239E+01
 44 11 0.860  1.00  0.5802269E+00  0.1264239E+01

 45  1 0.880  0.00  0.5585340E+00  0.1255401E+01
 45  2 0.880  0.10  0.5587786E+00  0.1255401E+01
 45  3 0.880  0.20  0.5595030E+00  0.1255401E+01
 45  4 0.880  0.30  0.5606781E+00  0.1255401E+01
 45  5 0.880  0.40  0.5622551E+00  0.1255401E+01
 45  6 0.880  0.50  0.5641659E+00  0.1255401E+01
 45  7 0.880  0.60  0.5663218E+00  0.1255401E+01
 45  8 0.880  0.70  0.5686136E+00  0.1255401E+01
 45  9 0.880  0.80  0.5709111E+00  0.1255401E+01
 45 10 0.880  0.90  0.5730621E+00  0.1255401E+01
 45 11 0.880  1.00  0.5748921E+00  0.1255401E+01

 46  1 0.900  0.00  0.5542335E+00  0.1247021E+01
 46  2 0.900  0.10  0.5544630E+00  0.1247021E+01
 46  3 0.900  0.20  0.5551427E+00  0.1247021E+01
 46  4 0.900  0.30  0.5562457E+00  0.1247021E+01
 46  5 0.900  0.40  0.5577277E+00  0.1247021E+01
 46  6 0.900  0.50  0.5595257E+00  0.1247021E+01
 46  7 0.900  0.60  0.5615585E+00  0.1247021E+01
 46  8 0.900  0.70  0.5637259E+00  0.1247021E+01
 46  9 0.900  0.80  0.5659083E+00  0.1247021E+01
 46 10 0.900  0.90  0.5679662E+00  0.1247021E+01
 46 11 0.900  1.00  0.5697395E+00  0.1247021E+01

 47  1 0.920  0.00  0.5500297E+00  0.1239070E+01
 47  2 0.920  0.10  0.5502455E+00  0.1239070E+01
 47  3 0.920  0.20  0.5508844E+00  0.1239070E+01
 47  4 0.920  0.30  0.5519222E+00  0.1239070E+01
 47  5 0.920  0.40  0.5533176E+00  0.1239070E+01
 47  6 0.920  0.50  0.5550129E+00  0.1239070E+01
 47  7 0.920  0.60  0.5569335E+00  0.1239070E+01
 47  8 0.920  0.70  0.5589871E+00  0.1239070E+01
 47  9 0.920  0.80  0.5610639E+00  0.1239070E+01
 47 10 0.920  0.90  0.5630357E+00  0.1239070E+01
 47 11 0.920  1.00  0.5647551E+00  0.1239070E+01

 48  1 0.940  0.00  0.5459185E+00  0.1231516E+01
 48  2 0.940  0.10  0.5461217E+00  0.1231516E+01
 48  3 0.940  0.20  0.5467237E+00  0.1231516E+01
 48  4 0.940  0.30  0.5477018E+00  0.1231516E+01
 48  5 0.940  0.40  0.5490183E+00  0.1231516E+01
 48  6 0.940  0.50  0.5506200E+00  0.1231516E+01
 48  7 0.940  0.60  0.5524378E+00  0.1231516E+01
 48  8 0.940  0.70  0.5543873E+00  0.1231516E+01
 48  9 0.940  0.80  0.5563669E+00  0.1231516E+01
 48 10 0.940  0.90  0.5582587E+00  0.1231516E+01
 48 11 0.940  1.00  0.5599273E+00  0.1231516E+01

 49  1 0.960  0.00  0.5418962E+00  0.1224334E+01
 49  2 0.960  0.10  0.5420879E+00  0.1224334E+01
 49  3 0.960  0.20  0.5426559E+00  0.1224334E+01
 49  4 0.960  0.30  0.5435796E+00  0.1224334E+01
 49  5 0.960  0.40  0.5448241E+00  0.1224334E+01
 49  6 0.960  0.50  0.5463399E+00  0.1224334E+01
 49  7 0.960  0.60  0.5480639E+00  0.1224334E+01
 49  8 0.960  0.70  0.5499175E+00  0.1224334E+01
 49  9 0.960  0.80  0.5518076E+00  0.1224334E+01
 49 10 0.960  0.90  0.5536251E+00  0.1224334E+01
 49 11 0.960  1.00  0.5552452E+00  0.1224334E+01

 50  1 0.980  0.00  0.5379590E+00  0.1217498E+01
 50  2 0.980  0.10  0.5381402E+00  0.1217498E+01
 50  3 0.980  0.20  0.5386773E+00  0.1217498E+01
 50  4 0.980  0.30  0.5395511E+00  0.1217498E+01
 50  5 0.980  0.40  0.5407294E+00  0.1217498E+01
 50  6 0.980  0.50  0.5421667E+00  0.1217498E+01
 50  7 0.980  0.60  0.5438042E+00  0.1217498E+01
 50  8 0.980  0.70  0.5455697E+00  0.1217498E+01
 50  9 0.980  0.80  0.5473769E+00  0.1217498E+01
 50 10 0.980  0.90  0.5491253E+00  0.1217498E+01
 50 11 0.980  1.00  0.5506994E+00  0.1217498E+01

 51  1 1.000  0.00  0.5341037E+00  0.1210987E+01
 51  2 1.000  0.10  0.5342752E+00  0.1210987E+01
 51  3 1.000  0.20  0.5347840E+00  0.1210987E+01
 51  4 1.000  0.30  0.5356121E+00  0.1210987E+01
 51  5 1.000  0.40  0.5367297E+00  0.1210987E+01
 51  6 1.000  0.50  0.5380946E+00  0.1210987E+01
 51  7 1.000  0.60  0.5396526E+00  0.1210987E+01
 51  8 1.000  0.70  0.5413368E+00  0.1210987E+01
 51  9 1.000  0.80  0.5430672E+00  0.1210987E+01
 51 10 1.000  0.90  0.5447509E+00  0.1210987E+01
 51 11 1.000  1.00  0.5462813E+00  0.1210987E+01

