# getMm vers. 0.1 starts...
#ROWS=   51
#COLS=   11
#theta=  0.0000000E+00   #radians =   0.00 deg.
#iao2c iaob a/2c a/B     Mm           phi
 27  1 0.520  0.00  0.7272528E+00  0.1540214E+01
 27  2 0.520  0.10  0.7306958E+00  0.1540214E+01
 27  3 0.520  0.20  0.7409877E+00  0.1540214E+01
 27  4 0.520  0.30  0.7580101E+00  0.1540214E+01
 27  5 0.520  0.40  0.7815412E+00  0.1540214E+01
 27  6 0.520  0.50  0.8112185E+00  0.1540214E+01
 27  7 0.520  0.60  0.8464871E+00  0.1540214E+01
 27  8 0.520  0.70  0.8865333E+00  0.1540214E+01
 27  9 0.520  0.80  0.9302032E+00  0.1540214E+01
 27 10 0.520  0.90  0.9759064E+00  0.1540214E+01
 27 11 0.520  1.00  0.1021505E+01  0.1540214E+01

 28  1 0.540  0.00  0.7254593E+00  0.1513080E+01
 28  2 0.540  0.10  0.7286626E+00  0.1513080E+01
 28  3 0.540  0.20  0.7382386E+00  0.1513080E+01
 28  4 0.540  0.30  0.7540798E+00  0.1513080E+01
 28  5 0.540  0.40  0.7759860E+00  0.1513080E+01
 28  6 0.540  0.50  0.8036333E+00  0.1513080E+01
 28  7 0.540  0.60  0.8365308E+00  0.1513080E+01
 28  8 0.540  0.70  0.8739637E+00  0.1513080E+01
 28  9 0.540  0.80  0.9149255E+00  0.1513080E+01
 28 10 0.540  0.90  0.9580364E+00  0.1513080E+01
 28 11 0.540  1.00  0.1001450E+01  0.1513080E+01

 29  1 0.560  0.00  0.7234424E+00  0.1488057E+01
 29  2 0.560  0.10  0.7264347E+00  0.1488057E+01
 29  3 0.560  0.20  0.7353807E+00  0.1488057E+01
 29  4 0.560  0.30  0.7501826E+00  0.1488057E+01
 29  5 0.560  0.40  0.7706596E+00  0.1488057E+01
 29  6 0.560  0.50  0.7965217E+00  0.1488057E+01
 29  7 0.560  0.60  0.8273326E+00  0.1488057E+01
 29  8 0.560  0.70  0.8624622E+00  0.1488057E+01
 29  9 0.560  0.80  0.9010282E+00  0.1488057E+01
 29 10 0.560  0.90  0.9418278E+00  0.1488057E+01
 29 11 0.560  1.00  0.9832582E+00  0.1488057E+01

 30  1 0.580  0.00  0.7212268E+00  0.1464924E+01
 30  2 0.580  0.10  0.7240322E+00  0.1464924E+01
 30  3 0.580  0.20  0.7324203E+00  0.1464924E+01
 30  4 0.580  0.30  0.7463019E+00  0.1464924E+01
 30  5 0.580  0.40  0.7655135E+00  0.1464924E+01
 30  6 0.580  0.50  0.7897948E+00  0.1464924E+01
 30  7 0.580  0.60  0.8187569E+00  0.1464924E+01
 30  8 0.580  0.70  0.8518419E+00  0.1464924E+01
 30  9 0.580  0.80  0.8882735E+00  0.1464924E+01
 30 10 0.580  0.90  0.9269980E+00  0.1464924E+01
 30 11 0.580  1.00  0.9666173E+00  0.1464924E+01

 31  1 0.600  0.00  0.7188352E+00  0.1443488E+01
 31  2 0.600  0.10  0.7214742E+00  0.1443488E+01
 31  3 0.600  0.20  0.7293651E+00  0.1443488E+01
 31  4 0.600  0.30  0.7424268E+00  0.1443488E+01
 31  5 0.600  0.40  0.7605113E+00  0.1443488E+01
 31  6 0.600  0.50  0.7833841E+00  0.1443488E+01
 31  7 0.600  0.60  0.8106977E+00  0.1443488E+01
 31  8 0.600  0.70  0.8419563E+00  0.1443488E+01
 31  9 0.600  0.80  0.8764738E+00  0.1443488E+01
 31 10 0.600  0.90  0.9133235E+00  0.1443488E+01
 31 11 0.600  1.00  0.9512802E+00  0.1443488E+01

 32  1 0.620  0.00  0.7162880E+00  0.1423582E+01
 32  2 0.620  0.10  0.7187777E+00  0.1423582E+01
 32  3 0.620  0.20  0.7262232E+00  0.1423582E+01
 32  4 0.620  0.30  0.7385507E+00  0.1423582E+01
 32  5 0.620  0.40  0.7556255E+00  0.1423582E+01
 32  6 0.620  0.50  0.7772363E+00  0.1423582E+01
 32  7 0.620  0.60  0.8030713E+00  0.1423582E+01
 32  8 0.620  0.70  0.8326885E+00  0.1423582E+01
 32  9 0.620  0.80  0.8654794E+00  0.1423582E+01
 32 10 0.620  0.90  0.9006256E+00  0.1423582E+01
 32 11 0.620  1.00  0.9370489E+00  0.1423582E+01

 33  1 0.640  0.00  0.7136035E+00  0.1405060E+01
 33  2 0.640  0.10  0.7159588E+00  0.1405060E+01
 33  3 0.640  0.20  0.7230035E+00  0.1405060E+01
 33  4 0.640  0.30  0.7346697E+00  0.1405060E+01
 33  5 0.640  0.40  0.7508354E+00  0.1405060E+01
 33  6 0.640  0.50  0.7713093E+00  0.1405060E+01
 33  7 0.640  0.60  0.7958109E+00  0.1405060E+01
 33  8 0.640  0.70  0.8239452E+00  0.1405060E+01
 33  9 0.640  0.80  0.8551702E+00  0.1405060E+01
 33 10 0.640  0.90  0.8887606E+00  0.1405060E+01
 33 11 0.640  1.00  0.9237639E+00  0.1405060E+01

 34  1 0.660  0.00  0.7107987E+00  0.1387791E+01
 34  2 0.660  0.10  0.7130325E+00  0.1387791E+01
 34  3 0.660  0.20  0.7197145E+00  0.1387791E+01
 34  4 0.660  0.30  0.7307826E+00  0.1387791E+01
 34  5 0.660  0.40  0.7461256E+00  0.1387791E+01
 34  6 0.660  0.50  0.7655702E+00  0.1387791E+01
 34  7 0.660  0.60  0.7888636E+00  0.1387791E+01
 34  8 0.660  0.70  0.8156513E+00  0.1387791E+01
 34  9 0.660  0.80  0.8454493E+00  0.1387791E+01
 34 10 0.660  0.90  0.8776123E+00  0.1387791E+01
 34 11 0.660  1.00  0.9112956E+00  0.1387791E+01

 35  1 0.680  0.00  0.7078888E+00  0.1371663E+01
 35  2 0.680  0.10  0.7100123E+00  0.1371663E+01
 35  3 0.680  0.20  0.7163647E+00  0.1371663E+01
 35  4 0.680  0.30  0.7268894E+00  0.1371663E+01
 35  5 0.680  0.40  0.7414846E+00  0.1371663E+01
 35  6 0.680  0.50  0.7599933E+00  0.1371663E+01
 35  7 0.680  0.60  0.7821868E+00  0.1371663E+01
 35  8 0.680  0.70  0.8077461E+00  0.1371663E+01
 35  9 0.680  0.80  0.8362377E+00  0.1371663E+01
 35 10 0.680  0.90  0.8670856E+00  0.1371663E+01
 35 11 0.680  1.00  0.8995381E+00  0.1371663E+01

 36  1 0.700  0.00  0.7048876E+00  0.1356573E+01
 36  2 0.700  0.10  0.7069104E+00  0.1356573E+01
 36  3 0.700  0.20  0.7129621E+00  0.1356573E+01
 36  4 0.700  0.30  0.7229909E+00  0.1356573E+01
 36  5 0.700  0.40  0.7369038E+00  0.1356573E+01
 36  6 0.700  0.50  0.7545578E+00  0.1356573E+01
 36  7 0.700  0.60  0.7757458E+00  0.1356573E+01
 36  8 0.700  0.70  0.8001800E+00  0.1356573E+01
 36  9 0.700  0.80  0.8274707E+00  0.1356573E+01
 36 10 0.700  0.90  0.8571022E+00  0.1356573E+01
 36 11 0.700  1.00  0.8884037E+00  0.1356573E+01

 37  1 0.720  0.00  0.7018075E+00  0.1342433E+01
 37  2 0.720  0.10  0.7037381E+00  0.1342433E+01
 37  3 0.720  0.20  0.7095146E+00  0.1342433E+01
 37  4 0.720  0.30  0.7190892E+00  0.1342433E+01
 37  5 0.720  0.40  0.7323771E+00  0.1342433E+01
 37  6 0.720  0.50  0.7492475E+00  0.1342433E+01
 37  7 0.720  0.60  0.7695126E+00  0.1342433E+01
 37  8 0.720  0.70  0.7929121E+00  0.1342433E+01
 37  9 0.720  0.80  0.8190948E+00  0.1342433E+01
 37 10 0.720  0.90  0.8475975E+00  0.1342433E+01
 37 11 0.720  1.00  0.8778195E+00  0.1342433E+01

 38  1 0.740  0.00  0.6986600E+00  0.1329162E+01
 38  2 0.740  0.10  0.7005058E+00  0.1329162E+01
 38  3 0.740  0.20  0.7060293E+00  0.1329162E+01
 38  4 0.740  0.30  0.7151865E+00  0.1329162E+01
 38  5 0.740  0.40  0.7278996E+00  0.1329162E+01
 38  6 0.740  0.50  0.7440493E+00  0.1329162E+01
 38  7 0.740  0.60  0.7634643E+00  0.1329162E+01
 38  8 0.740  0.70  0.7859089E+00  0.1329162E+01
 38  9 0.740  0.80  0.8110657E+00  0.1329162E+01
 38 10 0.740  0.90  0.8385176E+00  0.1329162E+01
 38 11 0.740  1.00  0.8677251E+00  0.1329162E+01

 39  1 0.760  0.00  0.6954550E+00  0.1316688E+01
 39  2 0.760  0.10  0.6972227E+00  0.1316688E+01
 39  3 0.760  0.20  0.7025129E+00  0.1316688E+01
 39  4 0.760  0.30  0.7112853E+00  0.1316688E+01
 39  5 0.760  0.40  0.7234682E+00  0.1316688E+01
 39  6 0.760  0.50  0.7389525E+00  0.1316688E+01
 39  7 0.760  0.60  0.7575821E+00  0.1316688E+01
 39  8 0.760  0.70  0.7791425E+00  0.1316688E+01
 39  9 0.760  0.80  0.8033465E+00  0.1316688E+01
 39 10 0.760  0.90  0.8298173E+00  0.1316688E+01
 39 11 0.760  1.00  0.8580690E+00  0.1316688E+01

 40  1 0.780  0.00  0.6922021E+00  0.1304947E+01
 40  2 0.780  0.10  0.6938975E+00  0.1304947E+01
 40  3 0.780  0.20  0.6989720E+00  0.1304947E+01
 40  4 0.780  0.30  0.7073884E+00  0.1304947E+01
 40  5 0.780  0.40  0.7190807E+00  0.1304947E+01
 40  6 0.780  0.50  0.7339489E+00  0.1304947E+01
 40  7 0.780  0.60  0.7518504E+00  0.1304947E+01
 40  8 0.780  0.70  0.7725897E+00  0.1304947E+01
 40  9 0.780  0.80  0.7959061E+00  0.1304947E+01
 40 10 0.780  0.90  0.8214585E+00  0.1304947E+01
 40 11 0.780  1.00  0.8488081E+00  0.1304947E+01

 41  1 0.800  0.00  0.6889094E+00  0.1293882E+01
 41  2 0.800  0.10  0.6905379E+00  0.1293882E+01
 41  3 0.800  0.20  0.6954124E+00  0.1293882E+01
 41  4 0.800  0.30  0.7034985E+00  0.1293882E+01
 41  5 0.800  0.40  0.7147356E+00  0.1293882E+01
 41  6 0.800  0.50  0.7290316E+00  0.1293882E+01
 41  7 0.800  0.60  0.7462561E+00  0.1293882E+01
 41  8 0.800  0.70  0.7662306E+00  0.1293882E+01
 41  9 0.800  0.80  0.7887180E+00  0.1293882E+01
 41 10 0.800  0.90  0.8134087E+00  0.1293882E+01
 41 11 0.800  1.00  0.8399054E+00  0.1293882E+01

 42  1 0.820  0.00  0.6855847E+00  0.1283439E+01
 42  2 0.820  0.10  0.6871508E+00  0.1283439E+01
 42  3 0.820  0.20  0.6918393E+00  0.1283439E+01
 42  4 0.820  0.30  0.6996183E+00  0.1283439E+01
 42  5 0.820  0.40  0.7104316E+00  0.1283439E+01
 42  6 0.820  0.50  0.7241950E+00  0.1283439E+01
 42  7 0.820  0.60  0.7407885E+00  0.1283439E+01
 42  8 0.820  0.70  0.7600490E+00  0.1283439E+01
 42  9 0.820  0.80  0.7817600E+00  0.1283439E+01
 42 10 0.820  0.90  0.8056402E+00  0.1283439E+01
 42 11 0.820  1.00  0.8313291E+00  0.1283439E+01

 43  1 0.840  0.00  0.6822345E+00  0.1273572E+01
 43  2 0.840  0.10  0.6837426E+00  0.1273572E+01
 43  3 0.840  0.20  0.6882576E+00  0.1273572E+01
 43  4 0.840  0.30  0.6957501E+00  0.1273572E+01
 43  5 0.840  0.40  0.7061684E+00  0.1273572E+01
 43  6 0.840  0.50  0.7194345E+00  0.1273572E+01
 43  7 0.840  0.60  0.7354383E+00  0.1273572E+01
 43  8 0.840  0.70  0.7540303E+00  0.1273572E+01
 43  9 0.840  0.80  0.7750129E+00  0.1273572E+01
 43 10 0.840  0.90  0.7981294E+00  0.1273572E+01
 43 11 0.840  1.00  0.8230520E+00  0.1273572E+01

 44  1 0.860  0.00  0.6788653E+00  0.1264239E+01
 44  2 0.860  0.10  0.6803192E+00  0.1264239E+01
 44  3 0.860  0.20  0.6846721E+00  0.1264239E+01
 44  4 0.860  0.30  0.6918969E+00  0.1264239E+01
 44  5 0.860  0.40  0.7019457E+00  0.1264239E+01
 44  6 0.860  0.50  0.7147465E+00  0.1264239E+01
 44  7 0.860  0.60  0.7301980E+00  0.1264239E+01
 44  8 0.860  0.70  0.7481629E+00  0.1264239E+01
 44  9 0.860  0.80  0.7684604E+00  0.1264239E+01
 44 10 0.860  0.90  0.7908559E+00  0.1264239E+01
 44 11 0.860  1.00  0.8150507E+00  0.1264239E+01

 45  1 0.880  0.00  0.6754823E+00  0.1255401E+01
 45  2 0.880  0.10  0.6768854E+00  0.1255401E+01
 45  3 0.880  0.20  0.6810865E+00  0.1255401E+01
 45  4 0.880  0.30  0.6880606E+00  0.1255401E+01
 45  5 0.880  0.40  0.6977631E+00  0.1255401E+01
 45  6 0.880  0.50  0.7101277E+00  0.1255401E+01
 45  7 0.880  0.60  0.7250607E+00  0.1255401E+01
 45  8 0.880  0.70  0.7424362E+00  0.1255401E+01
 45  9 0.880  0.80  0.7620879E+00  0.1255401E+01
 45 10 0.880  0.90  0.7838015E+00  0.1255401E+01
 45 11 0.880  1.00  0.8073040E+00  0.1255401E+01

 46  1 0.900  0.00  0.6720908E+00  0.1247021E+01
 46  2 0.900  0.10  0.6734463E+00  0.1247021E+01
 46  3 0.900  0.20  0.6775051E+00  0.1247021E+01
 46  4 0.900  0.30  0.6842437E+00  0.1247021E+01
 46  5 0.900  0.40  0.6936212E+00  0.1247021E+01
 46  6 0.900  0.50  0.7055758E+00  0.1247021E+01
 46  7 0.900  0.60  0.7200212E+00  0.1247021E+01
 46  8 0.900  0.70  0.7368414E+00  0.1247021E+01
 46  9 0.900  0.80  0.7558836E+00  0.1247021E+01
 46 10 0.900  0.90  0.7769511E+00  0.1247021E+01
 46 11 0.900  1.00  0.7997943E+00  0.1247021E+01

 47  1 0.920  0.00  0.6686952E+00  0.1239070E+01
 47  2 0.920  0.10  0.6700058E+00  0.1239070E+01
 47  3 0.920  0.20  0.6739307E+00  0.1239070E+01
 47  4 0.920  0.30  0.6804480E+00  0.1239070E+01
 47  5 0.920  0.40  0.6895195E+00  0.1239070E+01
 47  6 0.920  0.50  0.7010882E+00  0.1239070E+01
 47  7 0.920  0.60  0.7150742E+00  0.1239070E+01
 47  8 0.920  0.70  0.7313703E+00  0.1239070E+01
 47  9 0.920  0.80  0.7498360E+00  0.1239070E+01
 47 10 0.920  0.90  0.7702907E+00  0.1239070E+01
 47 11 0.920  1.00  0.7925053E+00  0.1239070E+01

 48  1 0.940  0.00  0.6652995E+00  0.1231516E+01
 48  2 0.940  0.10  0.6665680E+00  0.1231516E+01
 48  3 0.940  0.20  0.6703667E+00  0.1231516E+01
 48  4 0.940  0.30  0.6766754E+00  0.1231516E+01
 48  5 0.940  0.40  0.6854586E+00  0.1231516E+01
 48  6 0.940  0.50  0.6966633E+00  0.1231516E+01
 48  7 0.940  0.60  0.7102156E+00  0.1231516E+01
 48  8 0.940  0.70  0.7260164E+00  0.1231516E+01
 48  9 0.940  0.80  0.7439361E+00  0.1231516E+01
 48 10 0.940  0.90  0.7638083E+00  0.1231516E+01
 48 11 0.940  1.00  0.7854230E+00  0.1231516E+01

 49  1 0.960  0.00  0.6619074E+00  0.1224334E+01
 49  2 0.960  0.10  0.6631361E+00  0.1224334E+01
 49  3 0.960  0.20  0.6668158E+00  0.1224334E+01
 49  4 0.960  0.30  0.6729276E+00  0.1224334E+01
 49  5 0.960  0.40  0.6814386E+00  0.1224334E+01
 49  6 0.960  0.50  0.6922994E+00  0.1224334E+01
 49  7 0.960  0.60  0.7054416E+00  0.1224334E+01
 49  8 0.960  0.70  0.7207734E+00  0.1224334E+01
 49  9 0.960  0.80  0.7381750E+00  0.1224334E+01
 49 10 0.960  0.90  0.7574933E+00  0.1224334E+01
 49 11 0.960  1.00  0.7785348E+00  0.1224334E+01

 50  1 0.980  0.00  0.6585221E+00  0.1217498E+01
 50  2 0.980  0.10  0.6597130E+00  0.1217498E+01
 50  3 0.980  0.20  0.6632802E+00  0.1217498E+01
 50  4 0.980  0.30  0.6692061E+00  0.1217498E+01
 50  5 0.980  0.40  0.6774596E+00  0.1217498E+01
 50  6 0.980  0.50  0.6879951E+00  0.1217498E+01
 50  7 0.980  0.60  0.7007489E+00  0.1217498E+01
 50  8 0.980  0.70  0.7156359E+00  0.1217498E+01
 50  9 0.980  0.80  0.7325454E+00  0.1217498E+01
 50 10 0.980  0.90  0.7513361E+00  0.1217498E+01
 50 11 0.980  1.00  0.7718295E+00  0.1217498E+01

 51  1 1.000  0.00  0.6551466E+00  0.1210987E+01
 51  2 1.000  0.10  0.6563020E+00  0.1210987E+01
 51  3 1.000  0.20  0.6597627E+00  0.1210987E+01
 51  4 1.000  0.30  0.6655123E+00  0.1210987E+01
 51  5 1.000  0.40  0.6735221E+00  0.1210987E+01
 51  6 1.000  0.50  0.6837493E+00  0.1210987E+01
 51  7 1.000  0.60  0.6961346E+00  0.1210987E+01
 51  8 1.000  0.70  0.7105994E+00  0.1210987E+01
 51  9 1.000  0.80  0.7270409E+00  0.1210987E+01
 51 10 1.000  0.90  0.7453282E+00  0.1210987E+01
 51 11 1.000  1.00  0.7652969E+00  0.1210987E+01

