# getMmMb vers. 0.4 starts...
#ROWS=   51
#COLS=   11
#theta=  0.0000000E+00   #radians =   0.00 deg.
#iaoc iaob a/c a/B         Mm          Mb
  1  1 0.0002  0.00  0.1757838E-01  0.1757838E-01
#  1  1 0.0002  0.00  0.1757838E-01  0.1757838E-01  0.1129982E+01  0.3905554E+01  0.1289497E+02  0.1100000E+01  0.1414214E-01  0.1000001E+01
  1  2 0.0002  0.10  0.1826393E-01  0.1764292E-01
#  1  2 0.0002  0.10  0.1826393E-01  0.1764292E-01  0.1129982E+01  0.3905554E+01  0.1289497E+02  0.1103500E+01  0.1414214E-01  0.1000001E+01
  1  3 0.0002  0.20  0.2058833E-01  0.1918823E-01
#  1  3 0.0002  0.20  0.2058833E-01  0.1918823E-01  0.1129982E+01  0.3905554E+01  0.1289497E+02  0.1114000E+01  0.1414214E-01  0.1000001E+01
  1  4 0.0002  0.30  0.2537778E-01  0.2278908E-01
#  1  4 0.0002  0.30  0.2537778E-01  0.2278908E-01  0.1129982E+01  0.3905554E+01  0.1289497E+02  0.1131500E+01  0.1414214E-01  0.1000001E+01
  1  5 0.0002  0.40  0.3408591E-01  0.2944992E-01
#  1  5 0.0002  0.40  0.3408591E-01  0.2944992E-01  0.1129982E+01  0.3905554E+01  0.1289497E+02  0.1156000E+01  0.1414214E-01  0.1000001E+01
  1  6 0.0002  0.50  0.4890861E-01  0.4059361E-01
#  1  6 0.0002  0.50  0.4890861E-01  0.4059361E-01  0.1129982E+01  0.3905554E+01  0.1289497E+02  0.1187500E+01  0.1414214E-01  0.1000001E+01
  1  7 0.0002  0.60  0.7294495E-01  0.5806321E-01
#  1  7 0.0002  0.60  0.7294495E-01  0.5806321E-01  0.1129982E+01  0.3905554E+01  0.1289497E+02  0.1226000E+01  0.1414214E-01  0.1000001E+01
  1  8 0.0002  0.70  0.1104039E+00  0.8412606E-01
#  1  8 0.0002  0.70  0.1104039E+00  0.8412606E-01  0.1129982E+01  0.3905554E+01  0.1289497E+02  0.1271500E+01  0.1414214E-01  0.1000001E+01
  1  9 0.0002  0.80  0.1668571E+00  0.1214690E+00
#  1  9 0.0002  0.80  0.1668571E+00  0.1214690E+00  0.1129982E+01  0.3905554E+01  0.1289497E+02  0.1324000E+01  0.1414214E-01  0.1000001E+01
  1 10 0.0002  0.90  0.2495376E+00  0.1731741E+00
#  1 10 0.0002  0.90  0.2495376E+00  0.1731741E+00  0.1129982E+01  0.3905554E+01  0.1289497E+02  0.1383500E+01  0.1414214E-01  0.1000001E+01
  1 11 0.0002  1.00  0.3676845E+00  0.2426637E+00
#  1 11 0.0002  1.00  0.3676845E+00  0.2426637E+00  0.1129982E+01  0.3905554E+01  0.1289497E+02  0.1450000E+01  0.1414214E-01  0.1000001E+01

  2  1 0.0402  0.00  0.2475226E+00  0.2475226E+00
  2  2 0.0402  0.10  0.2553823E+00  0.2465864E+00
  2  3 0.0402  0.20  0.2803738E+00  0.2610604E+00
  2  4 0.0402  0.30  0.3268419E+00  0.2930704E+00
  2  5 0.0402  0.40  0.4023872E+00  0.3469508E+00
  2  6 0.0402  0.50  0.5184047E+00  0.4291297E+00
  2  7 0.0402  0.60  0.6908382E+00  0.5480742E+00
  2  8 0.0402  0.70  0.9411502E+00  0.7142432E+00
  2  9 0.0402  0.80  0.1297507E+01  0.9399948E+00
  2 10 0.0402  0.90  0.1796178E+01  0.1239399E+01
  2 11 0.0402  1.00  0.2483157E+01  0.1627903E+01

  3  1 0.0802  0.00  0.3458482E+00  0.3458482E+00
  3  2 0.0802  0.10  0.3551264E+00  0.3427388E+00
  3  3 0.0802  0.20  0.3836512E+00  0.3568860E+00
  3  4 0.0802  0.30  0.4335302E+00  0.3881627E+00
  3  5 0.0802  0.40  0.5083944E+00  0.4374588E+00
  3  6 0.0802  0.50  0.6135781E+00  0.5065634E+00
  3  7 0.0802  0.60  0.7563683E+00  0.5980656E+00
  3  8 0.0802  0.70  0.9463268E+00  0.7152570E+00
  3  9 0.0802  0.80  0.1195683E+01  0.8620187E+00
  3 10 0.0802  0.90  0.1519800E+01  0.1042675E+01
  3 11 0.0802  1.00  0.1937709E+01  0.1261793E+01

  4  1 0.1202  0.00  0.4176497E+00  0.4176497E+00
  4  2 0.1202  0.10  0.4273568E+00  0.4122617E+00
  4  3 0.1202  0.20  0.4567287E+00  0.4244634E+00
  4  4 0.1202  0.30  0.5065106E+00  0.4528373E+00
  4  5 0.1202  0.40  0.5779227E+00  0.4962687E+00
  4  6 0.1202  0.50  0.6726288E+00  0.5538352E+00
  4  7 0.1202  0.60  0.7926903E+00  0.6246929E+00
  4  8 0.1202  0.70  0.9405090E+00  0.7079630E+00
  4  9 0.1202  0.80  0.1118755E+01  0.8026200E+00
  4 10 0.1202  0.90  0.1330285E+01  0.9073879E+00
  4 11 0.1202  1.00  0.1578044E+01  0.1020644E+01

  5  1 0.1602  0.00  0.4745316E+00  0.4745316E+00
  5  2 0.1602  0.10  0.4842585E+00  0.4669403E+00
  5  3 0.1602  0.20  0.5134820E+00  0.4767555E+00
  5  4 0.1602  0.30  0.5623050E+00  0.5019771E+00
  5  5 0.1602  0.40  0.6308141E+00  0.5405769E+00
  5  6 0.1602  0.50  0.7189524E+00  0.5903958E+00
  5  7 0.1602  0.60  0.8263416E+00  0.6490308E+00
  5  8 0.1602  0.70  0.9520525E+00  0.7137201E+00
  5  9 0.1602  0.80  0.1094326E+01  0.7812418E+00
  5 10 0.1602  0.90  0.1250240E+01  0.8478382E+00
  5 11 0.1602  1.00  0.1415332E+01  0.9091783E+00

  6  1 0.2002  0.00  0.5211096E+00  0.5211096E+00
  6  2 0.2002  0.10  0.5306554E+00  0.5114445E+00
  6  3 0.2002  0.20  0.5592450E+00  0.5187532E+00
  6  4 0.2002  0.30  0.6067035E+00  0.5408115E+00
  6  5 0.2002  0.40  0.6726296E+00  0.5752269E+00
  6  6 0.2002  0.50  0.7562322E+00  0.6193458E+00
  6  7 0.2002  0.60  0.8561011E+00  0.6701446E+00
  6  8 0.2002  0.70  0.9699118E+00  0.7241212E+00
  6  9 0.2002  0.80  0.1094065E+01  0.7772046E+00
  6 10 0.2002  0.90  0.1223261E+01  0.8246985E+00
  6 11 0.2002  1.00  0.1350008E+01  0.8612755E+00

  7  1 0.2402  0.00  0.5598581E+00  0.5598581E+00
  7  2 0.2402  0.10  0.5691175E+00  0.5482638E+00
  7  3 0.2402  0.20  0.5968093E+00  0.5530725E+00
  7  4 0.2402  0.30  0.6426401E+00  0.5719968E+00
  7  5 0.2402  0.40  0.7060035E+00  0.6025255E+00
  7  6 0.2402  0.50  0.7858067E+00  0.6418383E+00
  7  7 0.2402  0.60  0.8802247E+00  0.6867045E+00
  7  8 0.2402  0.70  0.9863864E+00  0.7333828E+00
  7  9 0.2402  0.80  0.1099989E+01  0.7775410E+00
  7 10 0.2402  0.90  0.1214846E+01  0.8142144E+00
  7 11 0.2402  1.00  0.1322360E+01  0.8378180E+00

  8  1 0.2802  0.00  0.5923381E+00  0.5923381E+00
  8  2 0.2802  0.10  0.6012564E+00  0.5789605E+00
  8  3 0.2802  0.20  0.6279079E+00  0.5813395E+00
  8  4 0.2802  0.30  0.6719468E+00  0.5971950E+00
  8  5 0.2802  0.40  0.7326804E+00  0.6240028E+00
  8  6 0.2802  0.50  0.8088937E+00  0.6589159E+00
  8  7 0.2802  0.60  0.8986049E+00  0.6986714E+00
  8  8 0.2802  0.70  0.9987502E+00  0.7394992E+00
  8  9 0.2802  0.80  0.1104799E+01  0.7770518E+00
  8 10 0.2802  0.90  0.1210298E+01  0.8063734E+00
  8 11 0.2802  1.00  0.1306348E+01  0.8219256E+00

  9  1 0.3202  0.00  0.6196427E+00  0.6196427E+00
  9  2 0.3202  0.10  0.6281940E+00  0.6046228E+00
  9  3 0.3202  0.20  0.6537363E+00  0.6046770E+00
  9  4 0.3202  0.30  0.6959007E+00  0.6175656E+00
  9  5 0.3202  0.40  0.7539587E+00  0.6407980E+00
  9  6 0.3202  0.50  0.8266514E+00  0.6715625E+00
  9  7 0.3202  0.60  0.9119508E+00  0.7066404E+00
  9  8 0.3202  0.70  0.1006753E+01  0.7423238E+00
  9  9 0.3202  0.80  0.1106502E+01  0.7743547E+00
  9 10 0.3202  0.90  0.1204747E+01  0.7979040E+00
  9 11 0.3202  1.00  0.1292629E+01  0.8076064E+00

 10  1 0.3602  0.00  0.6425931E+00  0.6425931E+00
 10  2 0.3602  0.10  0.6507683E+00  0.6260637E+00
 10  3 0.3602  0.20  0.6751790E+00  0.6239164E+00
 10  4 0.3602  0.30  0.7154474E+00  0.6339675E+00
 10  5 0.3602  0.40  0.7708342E+00  0.6537840E+00
 10  6 0.3602  0.50  0.8400747E+00  0.6806192E+00
 10  7 0.3602  0.60  0.9211488E+00  0.7113358E+00
 10  8 0.3602  0.70  0.1010986E+01  0.7423310E+00
 10  9 0.3602  0.80  0.1105103E+01  0.7694855E+00
 10 10 0.3602  0.90  0.1197177E+01  0.7881500E+00
 10 11 0.3602  1.00  0.1278557E+01  0.7931886E+00

 11  1 0.4002  0.00  0.6618351E+00  0.6618351E+00
 11  2 0.4002  0.10  0.6696356E+00  0.6439201E+00
 11  3 0.4002  0.20  0.6929215E+00  0.6397020E+00
 11  4 0.4002  0.30  0.7313144E+00  0.6470621E+00
 11  5 0.4002  0.40  0.7840793E+00  0.6636378E+00
 11  6 0.4002  0.50  0.8499678E+00  0.6867647E+00
 11  7 0.4002  0.60  0.9269990E+00  0.7134062E+00
 11  8 0.4002  0.70  0.1012177E+01  0.7400885E+00
 11  9 0.4002  0.80  0.1101148E+01  0.7628558E+00
 11 10 0.4002  0.90  0.1187789E+01  0.7772654E+00
 11 11 0.4002  1.00  0.1263742E+01  0.7784374E+00

 12  1 0.4402  0.00  0.6778941E+00  0.6778941E+00
 12  2 0.4402  0.10  0.6853275E+00  0.6587079E+00
 12  3 0.4402  0.20  0.7075133E+00  0.6525505E+00
 12  4 0.4402  0.30  0.7440785E+00  0.6573735E+00
 12  5 0.4402  0.40  0.7943023E+00  0.6708925E+00
 12  6 0.4402  0.50  0.8569679E+00  0.6905352E+00
 12  7 0.4402  0.60  0.9301539E+00  0.7133785E+00
 12  8 0.4402  0.70  0.1010968E+01  0.7360902E+00
 12  9 0.4402  0.80  0.1095218E+01  0.7548923E+00
 12 10 0.4402  0.90  0.1177027E+01  0.7655624E+00
 12 11 0.4402  1.00  0.1248390E+01  0.7634878E+00

 13  1 0.4802  0.00  0.6912069E+00  0.6912069E+00
 13  2 0.4802  0.10  0.6982845E+00  0.6708543E+00
 13  3 0.4802  0.20  0.7194057E+00  0.6628860E+00
 13  4 0.4802  0.30  0.7542073E+00  0.6653265E+00
 13  5 0.4802  0.40  0.8019902E+00  0.6759744E+00
 13  6 0.4802  0.50  0.8615798E+00  0.6923561E+00
 13  7 0.4802  0.60  0.9311295E+00  0.7116686E+00
 13  8 0.4802  0.70  0.1007868E+01  0.7307291E+00
 13  9 0.4802  0.80  0.1087792E+01  0.7459449E+00
 13 10 0.4802  0.90  0.1165300E+01  0.7533200E+00
 13 11 0.4802  1.00  0.1232774E+01  0.7485132E+00

 14  1 0.5202  0.00  0.7021413E+00  0.7021413E+00
 14  2 0.5202  0.10  0.7088768E+00  0.6807187E+00
 14  3 0.5202  0.20  0.7289753E+00  0.6710623E+00
 14  4 0.5202  0.30  0.7620866E+00  0.6712713E+00
 14  5 0.5202  0.40  0.8075390E+00  0.6792301E+00
 14  6 0.5202  0.50  0.8642083E+00  0.6925671E+00
 14  7 0.5202  0.60  0.9303328E+00  0.7086036E+00
 14  8 0.5202  0.70  0.1003277E+01  0.7243103E+00
 14  9 0.5202  0.80  0.1079241E+01  0.7362823E+00
 14 10 0.5202  0.90  0.1152920E+01  0.7407513E+00
 14 11 0.5202  1.00  0.1217108E+01  0.7336457E+00

 15  1 0.5602  0.00  0.7110114E+00  0.7110114E+00
 15  2 0.5602  0.10  0.7174194E+00  0.6886063E+00
 15  3 0.5602  0.20  0.7365402E+00  0.6773781E+00
 15  4 0.5602  0.30  0.7680389E+00  0.6755005E+00
 15  5 0.5602  0.40  0.8112755E+00  0.6809451E+00
 15  6 0.5602  0.50  0.8651819E+00  0.6914438E+00
 15  7 0.5602  0.60  0.9280888E+00  0.7044443E+00
 15  8 0.5602  0.70  0.9975055E+00  0.7170714E+00
 15  9 0.5602  0.80  0.1069848E+01  0.7261081E+00
 15 10 0.5602  0.90  0.1140118E+01  0.7280114E+00
 15 11 0.5602  1.00  0.1201538E+01  0.7189741E+00

 16  1 0.6002  0.00  0.7180864E+00  0.7180864E+00
 16  2 0.6002  0.10  0.7241821E+00  0.6947787E+00
 16  3 0.6002  0.20  0.7423713E+00  0.6820874E+00
 16  4 0.6002  0.30  0.7723364E+00  0.6782607E+00
 16  5 0.6002  0.40  0.8134722E+00  0.6813571E+00
 16  6 0.6002  0.50  0.8647703E+00  0.6892124E+00
 16  7 0.6002  0.60  0.9246598E+00  0.6994005E+00
 16  8 0.6002  0.70  0.9908000E+00  0.7091994E+00
 16  9 0.6002  0.80  0.1059829E+01  0.7155777E+00
 16 10 0.6002  0.90  0.1127064E+01  0.7152126E+00
 16 11 0.6002  1.00  0.1186161E+01  0.7045537E+00

 17  1 0.6402  0.00  0.7235984E+00  0.7235984E+00
 17  2 0.6402  0.10  0.7293971E+00  0.6994610E+00
 17  3 0.6402  0.20  0.7467007E+00  0.6854082E+00
 17  4 0.6402  0.30  0.7752106E+00  0.6797615E+00
 17  5 0.6402  0.40  0.8143579E+00  0.6806658E+00
 17  6 0.6402  0.50  0.8631976E+00  0.6860600E+00
 17  7 0.6402  0.60  0.9202594E+00  0.6936426E+00
 17  8 0.6402  0.70  0.9833566E+00  0.7008427E+00
 17  9 0.6402  0.80  0.1049352E+01  0.7048103E+00
 17 10 0.6402  0.90  0.1113882E+01  0.7024366E+00
 17 11 0.6402  1.00  0.1171037E+01  0.6904176E+00

 18  1 0.6802  0.00  0.7277485E+00  0.7277485E+00
 18  2 0.6802  0.10  0.7332651E+00  0.7028477E+00
 18  3 0.6802  0.20  0.7497283E+00  0.6875275E+00
 18  4 0.6802  0.30  0.7768592E+00  0.6801817E+00
 18  5 0.6802  0.40  0.8141268E+00  0.6790397E+00
 18  6 0.6802  0.50  0.8606508E+00  0.6821423E+00
 18  7 0.6802  0.60  0.9150636E+00  0.6873105E+00
 18  8 0.6802  0.70  0.9753336E+00  0.6921207E+00
 18  9 0.6802  0.80  0.1038549E+01  0.6938989E+00
 18 10 0.6802  0.90  0.1100664E+01  0.6897425E+00
 18 11 0.6802  1.00  0.1156202E+01  0.6765838E+00

 19  1 0.7202  0.00  0.7307112E+00  0.7307112E+00
 19  2 0.7202  0.10  0.7359602E+00  0.7051071E+00
 19  3 0.7202  0.20  0.7516267E+00  0.6886070E+00
 19  4 0.7202  0.30  0.7774518E+00  0.6796743E+00
 19  5 0.7202  0.40  0.8129438E+00  0.6766222E+00
 19  6 0.7202  0.50  0.8572874E+00  0.6775905E+00
 19  7 0.7202  0.60  0.9092184E+00  0.6805198E+00
 19  8 0.7202  0.70  0.9668601E+00  0.6831297E+00
 19  9 0.7202  0.80  0.1027525E+01  0.6829160E+00
 19 10 0.7202  0.90  0.1087480E+01  0.6771742E+00
 19 11 0.7202  1.00  0.1141677E+01  0.6630609E+00

 20  1 0.7602  0.00  0.7326381E+00  0.7326381E+00
 20  2 0.7602  0.10  0.7376333E+00  0.7063856E+00
 20  3 0.7602  0.20  0.7525449E+00  0.6887860E+00
 20  4 0.7602  0.30  0.7771346E+00  0.6783712E+00
 20  5 0.7602  0.40  0.8109495E+00  0.6735351E+00
 20  6 0.7602  0.50  0.8532403E+00  0.6725146E+00
 20  7 0.7602  0.60  0.9028451E+00  0.6733661E+00
 20  8 0.7602  0.70  0.9580410E+00  0.6739479E+00
 20  9 0.7602  0.80  0.1016361E+01  0.6719190E+00
 20 10 0.7602  0.90  0.1074382E+01  0.6647635E+00
 20 11 0.7602  1.00  0.1127473E+01  0.6498508E+00

 21  1 0.8002  0.00  0.7336615E+00  0.7336615E+00
 21  2 0.8002  0.10  0.7384162E+00  0.7068104E+00
 21  3 0.8002  0.20  0.7526128E+00  0.6881858E+00
 21  4 0.8002  0.30  0.7760335E+00  0.6763856E+00
 21  5 0.8002  0.40  0.8082647E+00  0.6698827E+00
 21  6 0.8002  0.50  0.8486221E+00  0.6670077E+00
 21  7 0.8002  0.60  0.8960456E+00  0.6659292E+00
 21  8 0.8002  0.70  0.9489630E+00  0.6646390E+00
 21  9 0.8002  0.80  0.1005125E+01  0.6609525E+00
 21 10 0.8002  0.90  0.1061409E+01  0.6525333E+00
 21 11 0.8002  1.00  0.1113594E+01  0.6369513E+00

 22  1 0.8402  0.00  0.7338964E+00  0.7338964E+00
 22  2 0.8402  0.10  0.7384233E+00  0.7064922E+00
 22  3 0.8402  0.20  0.7519428E+00  0.6869114E+00
 22  4 0.8402  0.30  0.7742574E+00  0.6738157E+00
 22  5 0.8402  0.40  0.8049926E+00  0.6657540E+00
 22  6 0.8402  0.50  0.8435286E+00  0.6611484E+00
 22  7 0.8402  0.60  0.8889048E+00  0.6582756E+00
 22  8 0.8402  0.70  0.9396974E+00  0.6552553E+00
 22  9 0.8402  0.80  0.9938686E+00  0.6500520E+00
 22 10 0.8402  0.90  0.1048590E+01  0.6405001E+00
 22 11 0.8402  1.00  0.1100039E+01  0.6243578E+00

 23  1 0.8802  0.00  0.7334435E+00  0.7334435E+00
 23  2 0.8802  0.10  0.7377545E+00  0.7055278E+00
 23  3 0.8802  0.20  0.7506325E+00  0.6850540E+00
 23  4 0.8802  0.30  0.7719005E+00  0.6707456E+00
 23  5 0.8802  0.40  0.8012223E+00  0.6612257E+00
 23  6 0.8802  0.50  0.8380412E+00  0.6550037E+00
 23  7 0.8802  0.60  0.8814945E+00  0.6504608E+00
 23  8 0.8802  0.70  0.9303027E+00  0.6458390E+00
 23  9 0.8802  0.80  0.9826345E+00  0.6392454E+00
 23 10 0.8802  0.90  0.1035947E+01  0.6286750E+00
 23 11 0.8802  1.00  0.1086802E+01  0.6120632E+00

 24  1 0.9202  0.00  0.7323909E+00  0.7323909E+00
 24  2 0.9202  0.10  0.7364972E+00  0.7040013E+00
 24  3 0.9202  0.20  0.7487675E+00  0.6826929E+00
 24  4 0.9202  0.30  0.7690447E+00  0.6672488E+00
 24  5 0.9202  0.40  0.7970303E+00  0.6563634E+00
 24  6 0.9202  0.50  0.8322295E+00  0.6486305E+00
 24  7 0.9202  0.60  0.8738750E+00  0.6425313E+00
 24  8 0.9202  0.70  0.9208278E+00  0.6364251E+00
 24  9 0.9202  0.80  0.9714566E+00  0.6285542E+00
 24 10 0.9202  0.90  0.1023495E+01  0.6170655E+00
 24 11 0.9202  1.00  0.1073879E+01  0.6000599E+00

 25  1 0.9602  0.00  0.7308153E+00  0.7308153E+00
 25  2 0.9602  0.10  0.7347276E+00  0.7019866E+00
 25  3 0.9602  0.20  0.7464219E+00  0.6798975E+00
 25  4 0.9602  0.30  0.7657607E+00  0.6633888E+00
 25  5 0.9602  0.40  0.7924824E+00  0.6512233E+00
 25  6 0.9602  0.50  0.8261527E+00  0.6420768E+00
 25  7 0.9602  0.60  0.8660970E+00  0.6345258E+00
 25  8 0.9602  0.70  0.9113125E+00  0.6270418E+00
 25  9 0.9602  0.80  0.9603617E+00  0.6179950E+00
 25 10 0.9602  0.90  0.1011246E+01  0.6056759E+00
 25 11 0.9602  1.00  0.1061261E+01  0.5883395E+00

 26  1 1.0002  0.00  0.7287884E+00  0.7287884E+00
 26  2 1.0002  0.10  0.7325041E+00  0.6995465E+00
 26  3 1.0002  0.20  0.7436107E+00  0.6766943E+00
 26  4 1.0002  0.30  0.7619781E+00  0.6591213E+00
 26  5 1.0002  0.40  0.7873600E+00  0.6456453E+00
 26  6 1.0002  0.50  0.8193496E+00  0.6350041E+00
 26  7 1.0002  0.60  0.8573186E+00  0.6258463E+00
 26  8 1.0002  0.70  0.9003367E+00  0.6167275E+00
 26  9 1.0002  0.80  0.9470755E+00  0.6061150E+00
 26 10 1.0002  0.90  0.9956934E+00  0.5924107E+00
 26 11 1.0002  1.00  0.1043703E+01  0.5739924E+00

 27  1 1.0402  0.00  0.7272444E+00  0.7272444E+00
 27  2 1.0402  0.10  0.7306861E+00  0.6987948E+00
 27  3 1.0402  0.20  0.7409742E+00  0.6759529E+00
 27  4 1.0402  0.30  0.7579904E+00  0.6576954E+00
 27  5 1.0402  0.40  0.7815127E+00  0.6429172E+00
 27  6 1.0402  0.50  0.8111792E+00  0.6304252E+00
 27  7 1.0402  0.60  0.8464351E+00  0.6189348E+00
 27  8 1.0402  0.70  0.8864675E+00  0.6070700E+00
 27  9 1.0402  0.80  0.9301229E+00  0.5933747E+00
 27 10 1.0402  0.90  0.9758124E+00  0.5763409E+00
 27 11 1.0402  1.00  0.1021400E+01  0.5544571E+00

 28  1 1.0802  0.00  0.7254497E+00  0.7254497E+00
 28  2 1.0802  0.10  0.7286519E+00  0.6977724E+00
 28  3 1.0802  0.20  0.7382246E+00  0.6750298E+00
 28  4 1.0802  0.30  0.7540601E+00  0.6562776E+00
 28  5 1.0802  0.40  0.7759588E+00  0.6404829E+00
 28  6 1.0802  0.50  0.8035967E+00  0.6265205E+00
 28  7 1.0802  0.60  0.8364831E+00  0.6131728E+00
 28  8 1.0802  0.70  0.8739036E+00  0.5991325E+00
 28  9 1.0802  0.80  0.9148527E+00  0.5830183E+00
 28 10 1.0802  0.90  0.9579514E+00  0.5634040E+00
 28 11 1.0802  1.00  0.1001355E+01  0.5388706E+00

 29  1 1.1202  0.00  0.7234318E+00  0.7234318E+00
 29  2 1.1202  0.10  0.7264231E+00  0.6965047E+00
 29  3 1.1202  0.20  0.7353662E+00  0.6739315E+00
 29  4 1.1202  0.30  0.7501631E+00  0.6548393E+00
 29  5 1.1202  0.40  0.7706334E+00  0.6382622E+00
 29  6 1.1202  0.50  0.7964872E+00  0.6231405E+00
 29  7 1.1202  0.60  0.8272883E+00  0.6083221E+00
 29  8 1.1202  0.70  0.8624070E+00  0.5925679E+00
 29  9 1.1202  0.80  0.9009617E+00  0.5745677E+00
 29 10 1.1202  0.90  0.9417503E+00  0.5529714E+00
 29 11 1.1202  1.00  0.9831714E+00  0.5264393E+00

 30  1 1.1602  0.00  0.7212153E+00  0.7212153E+00
 30  2 1.1602  0.10  0.7240198E+00  0.6950152E+00
 30  3 1.1602  0.20  0.7324052E+00  0.6726668E+00
 30  4 1.1602  0.30  0.7462825E+00  0.6533609E+00
 30  5 1.1602  0.40  0.7654881E+00  0.6361939E+00
 30  6 1.1602  0.50  0.7897620E+00  0.6201690E+00
 30  7 1.1602  0.60  0.8187154E+00  0.6041970E+00
 30  8 1.1602  0.70  0.8517908E+00  0.5871047E+00
 30  9 1.1602  0.80  0.8882123E+00  0.5676502E+00
 30 10 1.1602  0.90  0.9269270E+00  0.5445539E+00
 30 11 1.1602  1.00  0.9665377E+00  0.5165464E+00

 31  1 1.2002  0.00  0.7188229E+00  0.7188229E+00
 31  2 1.2002  0.10  0.7214610E+00  0.6933263E+00
 31  3 1.2002  0.20  0.7293496E+00  0.6712456E+00
 31  4 1.2002  0.30  0.7424074E+00  0.6518294E+00
 31  5 1.2002  0.40  0.7604866E+00  0.6342321E+00
 31  6 1.2002  0.50  0.7833528E+00  0.6175154E+00
 31  7 1.2002  0.60  0.8106586E+00  0.6006512E+00
 31  8 1.2002  0.70  0.8419085E+00  0.5825289E+00
 31  9 1.2002  0.80  0.8764170E+00  0.5619721E+00
 31 10 1.2002  0.90  0.9132577E+00  0.5377668E+00
 31 11 1.2002  1.00  0.9512064E+00  0.5087067E+00

 32  1 1.2402  0.00  0.7162748E+00  0.7162748E+00
 32  2 1.2402  0.10  0.7187638E+00  0.6914580E+00
 32  3 1.2402  0.20  0.7262073E+00  0.6696784E+00
 32  4 1.2402  0.30  0.7385312E+00  0.6502368E+00
 32  5 1.2402  0.40  0.7556012E+00  0.6323413E+00
 32  6 1.2402  0.50  0.7772060E+00  0.6151088E+00
 32  7 1.2402  0.60  0.8030339E+00  0.5975688E+00
 32  8 1.2402  0.70  0.8326434E+00  0.5786708E+00
 32  9 1.2402  0.80  0.8654261E+00  0.5573001E+00
 32 10 1.2402  0.90  0.9005641E+00  0.5323044E+00
 32 11 1.2402  1.00  0.9369801E+00  0.5025361E+00

 33  1 1.2802  0.00  0.7135897E+00  0.7135897E+00
 33  2 1.2802  0.10  0.7159445E+00  0.6894293E+00
 33  3 1.2802  0.20  0.7229872E+00  0.6679763E+00
 33  4 1.2802  0.30  0.7346503E+00  0.6485791E+00
 33  5 1.2802  0.40  0.7508116E+00  0.6304951E+00
 33  6 1.2802  0.50  0.7712801E+00  0.6128934E+00
 33  7 1.2802  0.60  0.7957754E+00  0.5948577E+00
 33  8 1.2802  0.70  0.8239025E+00  0.5753943E+00
 33  9 1.2802  0.80  0.8551202E+00  0.5534474E+00
 33 10 1.2802  0.90  0.8887032E+00  0.5279226E+00
 33 11 1.2802  1.00  0.9236995E+00  0.4977266E+00

 34  1 1.3202  0.00  0.7107844E+00  0.7107844E+00
 34  2 1.3202  0.10  0.7130177E+00  0.6872572E+00
 34  3 1.3202  0.20  0.7196979E+00  0.6661500E+00
 34  4 1.3202  0.30  0.7307631E+00  0.6468544E+00
 34  5 1.3202  0.40  0.7461022E+00  0.6286736E+00
 34  6 1.3202  0.50  0.7655420E+00  0.6108252E+00
 34  7 1.3202  0.60  0.7888296E+00  0.5924438E+00
 34  8 1.3202  0.70  0.8156108E+00  0.5725901E+00
 34  9 1.3202  0.80  0.8454021E+00  0.5502635E+00
 34 10 1.3202  0.90  0.8775582E+00  0.5244245E+00
 34 11 1.3202  1.00  0.9112352E+00  0.4940306E+00

 35  1 1.3602  0.00  0.7078741E+00  0.7078741E+00
 35  2 1.3602  0.10  0.7099970E+00  0.6849576E+00
 35  3 1.3602  0.20  0.7163478E+00  0.6642102E+00
 35  4 1.3602  0.30  0.7268698E+00  0.6450632E+00
 35  5 1.3602  0.40  0.7414616E+00  0.6268619E+00
 35  6 1.3602  0.50  0.7599658E+00  0.6088691E+00
 35  7 1.3602  0.60  0.7821540E+00  0.5902680E+00
 35  8 1.3602  0.70  0.8077075E+00  0.5701699E+00
 35  9 1.3602  0.80  0.8361928E+00  0.5476263E+00
 35 10 1.3602  0.90  0.8670344E+00  0.5216501E+00
 35 11 1.3602  1.00  0.8994809E+00  0.4912467E+00

 36  1 1.4002  0.00  0.7048724E+00  0.7048724E+00
 36  2 1.4002  0.10  0.7068947E+00  0.6825447E+00
 36  3 1.4002  0.20  0.7129450E+00  0.6621672E+00
 36  4 1.4002  0.30  0.7229714E+00  0.6432071E+00
 36  5 1.4002  0.40  0.7368811E+00  0.6250489E+00
 36  6 1.4002  0.50  0.7545310E+00  0.6069977E+00
 36  7 1.4002  0.60  0.7757142E+00  0.5882822E+00
 36  8 1.4002  0.70  0.8001429E+00  0.5680614E+00
 36  9 1.4002  0.80  0.8274279E+00  0.5454364E+00
 36 10 1.4002  0.90  0.8570536E+00  0.5194693E+00
 36 11 1.4002  1.00  0.8883494E+00  0.4892107E+00

 37  1 1.4402  0.00  0.7017919E+00  0.7017919E+00
 37  2 1.4402  0.10  0.7037221E+00  0.6800318E+00
 37  3 1.4402  0.20  0.7094972E+00  0.6600306E+00
 37  4 1.4402  0.30  0.7190697E+00  0.6412886E+00
 37  5 1.4402  0.40  0.7323545E+00  0.6232267E+00
 37  6 1.4402  0.50  0.7492213E+00  0.6051894E+00
 37  7 1.4402  0.60  0.7694820E+00  0.5864478E+00
 37  8 1.4402  0.70  0.7928764E+00  0.5662062E+00
 37  9 1.4402  0.80  0.8190539E+00  0.5436125E+00
 37 10 1.4402  0.90  0.8475511E+00  0.5177750E+00
 37 11 1.4402  1.00  0.8777679E+00  0.4877881E+00

 38  1 1.4802  0.00  0.6986441E+00  0.6986441E+00
 38  2 1.4802  0.10  0.7004895E+00  0.6774309E+00
 38  3 1.4802  0.20  0.7060118E+00  0.6578097E+00
 38  4 1.4802  0.30  0.7151670E+00  0.6393113E+00
 38  5 1.4802  0.40  0.7278774E+00  0.6213899E+00
 38  6 1.4802  0.50  0.7440236E+00  0.6034268E+00
 38  7 1.4802  0.60  0.7634346E+00  0.5847335E+00
 38  8 1.4802  0.70  0.7858745E+00  0.5645562E+00
 38  9 1.4802  0.80  0.8110265E+00  0.5420874E+00
 38 10 1.4802  0.90  0.8384733E+00  0.5164793E+00
 38 11 1.4802  1.00  0.8676758E+00  0.4868678E+00

 39  1 1.5202  0.00  0.6954389E+00  0.6954389E+00
 39  2 1.5202  0.10  0.6972062E+00  0.6747528E+00
 39  3 1.5202  0.20  0.7024953E+00  0.6555133E+00
 39  4 1.5202  0.30  0.7112658E+00  0.6372786E+00
 39  5 1.5202  0.40  0.7234462E+00  0.6195344E+00
 39  6 1.5202  0.50  0.7389273E+00  0.6016966E+00
 39  7 1.5202  0.60  0.7575531E+00  0.5831135E+00
 39  8 1.5202  0.70  0.7791092E+00  0.5630721E+00
 39  9 1.5202  0.80  0.8033087E+00  0.5408061E+00
 39 10 1.5202  0.90  0.8297747E+00  0.5155096E+00
 39 11 1.5202  1.00  0.8580218E+00  0.4863582E+00

 40  1 1.5602  0.00  0.6921857E+00  0.6921857E+00
 40  2 1.5602  0.10  0.6938809E+00  0.6720079E+00
 40  3 1.5602  0.20  0.6989544E+00  0.6531496E+00
 40  4 1.5602  0.30  0.7073690E+00  0.6351948E+00
 40  5 1.5602  0.40  0.7190590E+00  0.6176583E+00
 40  6 1.5602  0.50  0.7339242E+00  0.5999879E+00
 40  7 1.5602  0.60  0.7518221E+00  0.5815676E+00
 40  8 1.5602  0.70  0.7725574E+00  0.5617216E+00
 40  9 1.5602  0.80  0.7958696E+00  0.5397230E+00
 40 10 1.5602  0.90  0.8214175E+00  0.5148058E+00
 40 11 1.5602  1.00  0.8487628E+00  0.4861831E+00

 41  1 1.6002  0.00  0.6888928E+00  0.6888928E+00
 41  2 1.6002  0.10  0.6905211E+00  0.6692050E+00
 41  3 1.6002  0.20  0.6953945E+00  0.6507259E+00
 41  4 1.6002  0.30  0.7034791E+00  0.6330637E+00
 41  5 1.6002  0.40  0.7147139E+00  0.6157599E+00
 41  6 1.6002  0.50  0.7290072E+00  0.5982928E+00
 41  7 1.6002  0.60  0.7462284E+00  0.5800787E+00
 41  8 1.6002  0.70  0.7661994E+00  0.5604777E+00
 41  9 1.6002  0.80  0.7886827E+00  0.5388000E+00
 41 10 1.6002  0.90  0.8133691E+00  0.5143173E+00
 41 11 1.6002  1.00  0.8398616E+00  0.4862790E+00

 42  1 1.6402  0.00  0.6855679E+00  0.6855679E+00
 42  2 1.6402  0.10  0.6871338E+00  0.6663523E+00
 42  3 1.6402  0.20  0.6918213E+00  0.6482496E+00
 42  4 1.6402  0.30  0.6995988E+00  0.6308897E+00
 42  5 1.6402  0.40  0.7104102E+00  0.6138393E+00
 42  6 1.6402  0.50  0.7241709E+00  0.5966046E+00
 42  7 1.6402  0.60  0.7407613E+00  0.5786332E+00
 42  8 1.6402  0.70  0.7600184E+00  0.5593185E+00
 42  9 1.6402  0.80  0.7817258E+00  0.5380059E+00
 42 10 1.6402  0.90  0.8056020E+00  0.5140028E+00
 42 11 1.6402  1.00  0.8312870E+00  0.4865932E+00

 43  1 1.6802  0.00  0.6822177E+00  0.6822177E+00
 43  2 1.6802  0.10  0.6837255E+00  0.6634576E+00
 43  3 1.6802  0.20  0.6882398E+00  0.6457273E+00
 43  4 1.6802  0.30  0.6957309E+00  0.6286767E+00
 43  5 1.6802  0.40  0.7061472E+00  0.6118964E+00
 43  6 1.6802  0.50  0.7194109E+00  0.5949186E+00
 43  7 1.6802  0.60  0.7354118E+00  0.5772202E+00
 43  8 1.6802  0.70  0.7540006E+00  0.5582259E+00
 43  9 1.6802  0.80  0.7749797E+00  0.5373145E+00
 43 10 1.6802  0.90  0.7980925E+00  0.5138274E+00
 43 11 1.6802  1.00  0.8230114E+00  0.4870816E+00

 44  1 1.7202  0.00  0.6788483E+00  0.6788483E+00
 44  2 1.7202  0.10  0.6803020E+00  0.6605278E+00
 44  3 1.7202  0.20  0.6846542E+00  0.6431649E+00
 44  4 1.7202  0.30  0.6918777E+00  0.6264288E+00
 44  5 1.7202  0.40  0.7019247E+00  0.6099319E+00
 44  6 1.7202  0.50  0.7147232E+00  0.5932311E+00
 44  7 1.7202  0.60  0.7301720E+00  0.5758306E+00
 44  8 1.7202  0.70  0.7481340E+00  0.5571849E+00
 44  9 1.7202  0.80  0.7684281E+00  0.5367042E+00
 44 10 1.7202  0.90  0.7908201E+00  0.5137619E+00
 44 11 1.7202  1.00  0.8150113E+00  0.4877070E+00

 45  1 1.7602  0.00  0.6754653E+00  0.6754653E+00
 45  2 1.7602  0.10  0.6768683E+00  0.6575688E+00
 45  3 1.7602  0.20  0.6810687E+00  0.6405680E+00
 45  4 1.7602  0.30  0.6880415E+00  0.6241499E+00
 45  5 1.7602  0.40  0.6977423E+00  0.6079469E+00
 45  6 1.7602  0.50  0.7101048E+00  0.5915394E+00
 45  7 1.7602  0.60  0.7250354E+00  0.5744573E+00
 45  8 1.7602  0.70  0.7424080E+00  0.5561831E+00
 45  9 1.7602  0.80  0.7620566E+00  0.5361566E+00
 45 10 1.7602  0.90  0.7837667E+00  0.5137821E+00
 45 11 1.7602  1.00  0.8072659E+00  0.4884385E+00

 46  1 1.8002  0.00  0.6720738E+00  0.6720738E+00
 46  2 1.8002  0.10  0.6734290E+00  0.6545863E+00
 46  3 1.8002  0.20  0.6774871E+00  0.6379419E+00
 46  4 1.8002  0.30  0.6842246E+00  0.6218434E+00
 46  5 1.8002  0.40  0.6936005E+00  0.6059427E+00
 46  6 1.8002  0.50  0.7055530E+00  0.5898416E+00
 46  7 1.8002  0.60  0.7199962E+00  0.5730946E+00
 46  8 1.8002  0.70  0.7368136E+00  0.5552102E+00
 46  9 1.8002  0.80  0.7558529E+00  0.5356569E+00
 46 10 1.8002  0.90  0.7769172E+00  0.5138676E+00
 46 11 1.8002  1.00  0.7997572E+00  0.4892504E+00

 47  1 1.8402  0.00  0.6686782E+00  0.6686782E+00
 47  2 1.8402  0.10  0.6699886E+00  0.6515858E+00
 47  3 1.8402  0.20  0.6739128E+00  0.6352913E+00
 47  4 1.8402  0.30  0.6804290E+00  0.6195130E+00
 47  5 1.8402  0.40  0.6894991E+00  0.6039207E+00
 47  6 1.8402  0.50  0.7010658E+00  0.5881366E+00
 47  7 1.8402  0.60  0.7150496E+00  0.5717378E+00
 47  8 1.8402  0.70  0.7313432E+00  0.5542582E+00
 47  9 1.8402  0.80  0.7498061E+00  0.5351924E+00
 47 10 1.8402  0.90  0.7702578E+00  0.5140014E+00
 47 11 1.8402  1.00  0.7924693E+00  0.4901207E+00

 48  1 1.8802  0.00  0.6652825E+00  0.6652825E+00
 48  2 1.8802  0.10  0.6665508E+00  0.6485716E+00
 48  3 1.8802  0.20  0.6703489E+00  0.6326206E+00
 48  4 1.8802  0.30  0.6766566E+00  0.6171621E+00
 48  5 1.8802  0.40  0.6854384E+00  0.6018824E+00
 48  6 1.8802  0.50  0.6966413E+00  0.5864234E+00
 48  7 1.8802  0.60  0.7101914E+00  0.5703834E+00
 48  8 1.8802  0.70  0.7259898E+00  0.5533199E+00
 48  9 1.8802  0.80  0.7439069E+00  0.5347527E+00
 48 10 1.8802  0.90  0.7637763E+00  0.5141692E+00
 48 11 1.8802  1.00  0.7853881E+00  0.4910314E+00

 49  1 1.9202  0.00  0.6618905E+00  0.6618905E+00
 49  2 1.9202  0.10  0.6631189E+00  0.6455480E+00
 49  3 1.9202  0.20  0.6667980E+00  0.6299338E+00
 49  4 1.9202  0.30  0.6729090E+00  0.6147936E+00
 49  5 1.9202  0.40  0.6814186E+00  0.5998296E+00
 49  6 1.9202  0.50  0.6922777E+00  0.5847016E+00
 49  7 1.9202  0.60  0.7054180E+00  0.5690285E+00
 49  8 1.9202  0.70  0.7207475E+00  0.5523897E+00
 49  9 1.9202  0.80  0.7381465E+00  0.5343292E+00
 49 10 1.9202  0.90  0.7574622E+00  0.5143592E+00
 49 11 1.9202  1.00  0.7785009E+00  0.4919671E+00

 50  1 1.9602  0.00  0.6585052E+00  0.6585052E+00
 50  2 1.9602  0.10  0.6596960E+00  0.6425188E+00
 50  3 1.9602  0.20  0.6632627E+00  0.6272345E+00
 50  4 1.9602  0.30  0.6691875E+00  0.6124105E+00
 50  5 1.9602  0.40  0.6774399E+00  0.5977638E+00
 50  6 1.9602  0.50  0.6879737E+00  0.5829713E+00
 50  7 1.9602  0.60  0.7007257E+00  0.5676708E+00
 50  8 1.9602  0.70  0.7156104E+00  0.5514631E+00
 50  9 1.9602  0.80  0.7325177E+00  0.5339147E+00
 50 10 1.9602  0.90  0.7513057E+00  0.5145615E+00
 50 11 1.9602  1.00  0.7717964E+00  0.4929152E+00

 51  1 2.0002  0.00  0.6551297E+00  0.6551297E+00
 51  2 2.0002  0.10  0.6562848E+00  0.6394874E+00
 51  3 2.0002  0.20  0.6597451E+00  0.6245261E+00
 51  4 2.0002  0.30  0.6654938E+00  0.6100156E+00
 51  5 2.0002  0.40  0.6735024E+00  0.5956867E+00
 51  6 2.0002  0.50  0.6837281E+00  0.5812325E+00
 51  7 2.0002  0.60  0.6961116E+00  0.5663088E+00
 51  8 2.0002  0.70  0.7105743E+00  0.5505365E+00
 51  9 2.0002  0.80  0.7270135E+00  0.5335033E+00
 51 10 2.0002  0.90  0.7452984E+00  0.5147679E+00
 51 11 2.0002  1.00  0.7652645E+00  0.4938650E+00

