# getMmMb vers. 0.4 starts...
#ROWS=   51
#COLS=   11
#theta=  0.1570796E+01   #radians =  90.00 deg.
#iaoc iaob a/c a/B         Mm          Mb
  1  1 0.000  0.00  0.1130000E+01  0.1130000E+01
  1  2 0.000  0.10  0.1170396E+01  0.1034045E+01
  1  3 0.000  0.20  0.1307138E+01  0.1016954E+01
  1  4 0.000  0.30  0.1586888E+01  0.1084638E+01
  1  5 0.000  0.40  0.2087415E+01  0.1252449E+01
  1  6 0.000  0.50  0.2917596E+01  0.1539032E+01
  1  7 0.000  0.60  0.4217416E+01  0.1965316E+01
  1  8 0.000  0.70  0.6157967E+01  0.2558635E+01
  1  9 0.000  0.80  0.8941448E+01  0.3361984E+01
  1 10 0.000  0.90  0.1280117E+02  0.4448406E+01
  1 11 0.000  1.00  0.1800154E+02  0.5940509E+01

  2  1 0.040  0.00  0.1122352E+01  0.1122352E+01
  2  2 0.040  0.10  0.1154351E+01  0.1018274E+01
  2  3 0.040  0.20  0.1255495E+01  0.9710426E+00
  2  4 0.040  0.30  0.1441234E+01  0.9713143E+00
  2  5 0.040  0.40  0.1737314E+01  0.1013992E+01
  2  6 0.040  0.50  0.2179778E+01  0.1095472E+01
  2  7 0.040  0.60  0.2814971E+01  0.1212307E+01
  2  8 0.040  0.70  0.3699533E+01  0.1361296E+01
  2  9 0.040  0.80  0.4900406E+01  0.1540986E+01
  2 10 0.040  0.90  0.6494827E+01  0.1754607E+01
  2 11 0.040  1.00  0.8570334E+01  0.2014416E+01

  3  1 0.080  0.00  0.1110280E+01  0.1110280E+01
  3  2 0.080  0.10  0.1136473E+01  0.1001308E+01
  3  3 0.080  0.20  0.1216264E+01  0.9367514E+00
  3  4 0.080  0.30  0.1353294E+01  0.9031374E+00
  3  5 0.080  0.40  0.1553632E+01  0.8895943E+00
  3  6 0.080  0.50  0.1825770E+01  0.8870910E+00
  3  7 0.080  0.60  0.2180630E+01  0.8879703E+00
  3  8 0.080  0.70  0.2631561E+01  0.8857776E+00
  3  9 0.080  0.80  0.3194338E+01  0.8753802E+00
  3 10 0.080  0.90  0.3887162E+01  0.8533816E+00
  3 11 0.080  1.00  0.4730665E+01  0.8188281E+00

  4  1 0.120  0.00  0.1095215E+01  0.1095215E+01
  4  2 0.120  0.10  0.1117133E+01  0.9832053E+00
  4  3 0.120  0.20  0.1182713E+01  0.9075413E+00
  4  4 0.120  0.30  0.1291436E+01  0.8545061E+00
  4  5 0.120  0.40  0.1442436E+01  0.8122545E+00
  4  6 0.120  0.50  0.1634499E+01  0.7709351E+00
  4  7 0.120  0.60  0.1866068E+01  0.7227744E+00
  4  8 0.120  0.70  0.2135237E+01  0.6621248E+00
  4  9 0.120  0.80  0.2439753E+01  0.5854750E+00
  4 10 0.120  0.90  0.2777020E+01  0.4914240E+00
  4 11 0.120  1.00  0.3144092E+01  0.3806173E+00

  5  1 0.160  0.00  0.1077899E+01  0.1077899E+01
  5  2 0.160  0.10  0.1096517E+01  0.9640850E+00
  5  3 0.160  0.20  0.1151770E+01  0.8808020E+00
  5  4 0.160  0.30  0.1241842E+01  0.8153191E+00
  5  5 0.160  0.40  0.1363711E+01  0.7563574E+00
  5  6 0.160  0.50  0.1513147E+01  0.6945527E+00
  5  7 0.160  0.60  0.1684708E+01  0.6228054E+00
  5  8 0.160  0.70  0.1871746E+01  0.5365170E+00
  5  9 0.160  0.80  0.2066403E+01  0.4337114E+00
  5 10 0.160  0.90  0.2259611E+01  0.3150426E+00
  5 11 0.160  1.00  0.2441094E+01  0.1836891E+00

  6  1 0.200  0.00  0.1058875E+01  0.1058875E+01
  6  2 0.200  0.10  0.1074862E+01  0.9441376E+00
  6  3 0.200  0.20  0.1122126E+01  0.8554193E+00
  6  4 0.200  0.30  0.1198573E+01  0.7812552E+00
  6  5 0.200  0.40  0.1300717E+01  0.7113391E+00
  6  6 0.200  0.50  0.1423676E+01  0.6371001E+00
  6  7 0.200  0.60  0.1561172E+01  0.5521637E+00
  6  8 0.200  0.70  0.1705535E+01  0.4526954E+00
  6  9 0.200  0.80  0.1847697E+01  0.3376285E+00
  6 10 0.200  0.90  0.1977197E+01  0.2087760E+00
  6 11 0.200  1.00  0.2082178E+01  0.7082467E-01

  7  1 0.240  0.00  0.1038586E+01  0.1038586E+01
  7  2 0.240  0.10  0.1052422E+01  0.9235766E+00
  7  3 0.240  0.20  0.1093253E+01  0.8309258E+00
  7  4 0.240  0.30  0.1159039E+01  0.7503968E+00
  7  5 0.240  0.40  0.1246384E+01  0.6726928E+00
  7  6 0.240  0.50  0.1350530E+01  0.5900543E+00
  7  7 0.240  0.60  0.1465363E+01  0.4967584E+00
  7  8 0.240  0.70  0.1583408E+01  0.3895172E+00
  7  9 0.240  0.80  0.1695833E+01  0.2677765E+00
  7 10 0.240  0.90  0.1792444E+01  0.1339145E+00
  7 11 0.240  1.00  0.1861692E+01 -0.6659482E-02

  8  1 0.280  0.00  0.1017393E+01  0.1017393E+01
  8  2 0.280  0.10  0.1029443E+01  0.9026100E+00
  8  3 0.280  0.20  0.1064961E+01  0.8071330E+00
  8  4 0.280  0.30  0.1122059E+01  0.7218348E+00
  8  5 0.280  0.40  0.1197587E+01  0.6383566E+00
  8  6 0.280  0.50  0.1287136E+01  0.5496946E+00
  8  7 0.280  0.60  0.1385037E+01  0.4507047E+00
  8  8 0.280  0.70  0.1484361E+01  0.3385252E+00
  8  9 0.280  0.80  0.1576920E+01  0.2129189E+00
  8 10 0.280  0.90  0.1653265E+01  0.7653336E-01
  8 11 0.280  1.00  0.1702689E+01 -0.6492028E-01

  9  1 0.320  0.00  0.9956027E+00  0.9956027E+00
  9  2 0.320  0.10  0.1006147E+01  0.8814283E+00
  9  3 0.320  0.20  0.1037204E+01  0.7839747E+00
  9  4 0.320  0.30  0.1087052E+01  0.6950945E+00
  9  5 0.320  0.40  0.1152817E+01  0.6072747E+00
  9  6 0.320  0.50  0.1230476E+01  0.5141982E+00
  9  7 0.320  0.60  0.1314860E+01  0.4112397E+00
  9  8 0.320  0.70  0.1399647E+01  0.2958961E+00
  9  9 0.320  0.80  0.1477369E+01  0.1681526E+00
  9 10 0.320  0.90  0.1539407E+01  0.3078361E-01
  9 11 0.320  1.00  0.1575993E+01 -0.1104108E+00

 10  1 0.360  0.00  0.9734667E+00  0.9734667E+00
 10  2 0.360  0.10  0.9827294E+00  0.8601981E+00
 10  3 0.360  0.20  0.1009996E+01  0.7614372E+00
 10  4 0.360  0.30  0.1053704E+01  0.6698996E+00
 10  5 0.360  0.40  0.1111245E+01  0.5788295E+00
 10  6 0.360  0.50  0.1178971E+01  0.4825305E+00
 10  7 0.360  0.60  0.1252191E+01  0.3768452E+00
 10  8 0.360  0.70  0.1325171E+01  0.2595834E+00
 10  9 0.360  0.80  0.1391133E+01  0.1308992E+00
 10 10 0.360  0.90  0.1442260E+01 -0.6382845E-02
 10 11 0.360  1.00  0.1469689E+01 -0.1464927E+00

 11  1 0.400  0.00  0.9511947E+00  0.9511947E+00
 11  2 0.400  0.10  0.9593573E+00  0.8390614E+00
 11  3 0.400  0.20  0.9833733E+00  0.7395274E+00
 11  4 0.400  0.30  0.1021827E+01  0.6460705E+00
 11  5 0.400  0.40  0.1072358E+01  0.5526127E+00
 11  6 0.400  0.50  0.1131664E+01  0.4540179E+00
 11  7 0.400  0.60  0.1195497E+01  0.3465515E+00
 11  8 0.400  0.70  0.1258666E+01  0.2282993E+00
 11  9 0.400  0.80  0.1315036E+01  0.9954678E-01
 11 10 0.400  0.90  0.1357527E+01 -0.3688208E-01
 11 11 0.400  1.00  0.1378118E+01 -0.1753248E+00

 12  1 0.440  0.00  0.9289579E+00  0.9289579E+00
 12  2 0.440  0.10  0.9361692E+00  0.8181362E+00
 12  3 0.440  0.20  0.9573763E+00  0.7182589E+00
 12  4 0.440  0.30  0.9912990E+00  0.6234803E+00
 12  5 0.440  0.40  0.1035804E+01  0.5283294E+00
 12  6 0.440  0.50  0.1087903E+01  0.4281768E+00
 12  7 0.440  0.60  0.1143756E+01  0.3196698E+00
 12  8 0.440  0.70  0.1198669E+01  0.2011377E+00
 12  9 0.440  0.80  0.1247095E+01  0.7296596E-01
 12 10 0.440  0.90  0.1282632E+01 -0.6205993E-01
 12 11 0.440  1.00  0.1298025E+01 -0.1984421E+00

 13  1 0.480  0.00  0.9068947E+00  0.9068947E+00
 13  2 0.480  0.10  0.9132781E+00  0.7975182E+00
 13  3 0.480  0.20  0.9320429E+00  0.6976450E+00
 13  4 0.480  0.30  0.9620327E+00  0.6020316E+00
 13  5 0.480  0.40  0.1001320E+01  0.5057534E+00
 13  6 0.480  0.50  0.1047207E+01  0.4046384E+00
 13  7 0.480  0.60  0.1096223E+01  0.2956788E+00
 13  8 0.480  0.70  0.1144129E+01  0.1774178E+00
 13  9 0.480  0.80  0.1185914E+01  0.5031437E-01
 13 10 0.480  0.90  0.1215796E+01 -0.8291572E-01
 13 11 0.480  1.00  0.1227220E+01 -0.2169828E+00

 14  1 0.520  0.00  0.8851151E+00  0.8851151E+00
 14  2 0.520  0.10  0.8907743E+00  0.7772831E+00
 14  3 0.520  0.20  0.9074039E+00  0.6776953E+00
 14  4 0.520  0.30  0.9339606E+00  0.5816464E+00
 14  5 0.520  0.40  0.9687054E+00  0.4847041E+00
 14  6 0.520  0.50  0.1009204E+01  0.3831108E+00
 14  7 0.520  0.60  0.1052325E+01  0.2741689E+00
 14  8 0.520  0.70  0.1094244E+01  0.1566095E+00
 14  9 0.520  0.80  0.1130439E+01  0.3094156E-01
 14 10 0.520  0.90  0.1155692E+01 -0.1002138E+00
 14 11 0.520  1.00  0.1164092E+01 -0.2318083E+00

 15  1 0.560  0.00  0.8637055E+00  0.8637055E+00
 15  2 0.560  0.10  0.8687280E+00  0.7574894E+00
 15  3 0.560  0.20  0.8834819E+00  0.6584146E+00
 15  4 0.560  0.30  0.9070272E+00  0.5622586E+00
 15  5 0.560  0.40  0.9377968E+00  0.4650333E+00
 15  6 0.560  0.50  0.9735970E+00  0.3633563E+00
 15  7 0.560  0.60  0.1011607E+01  0.2548102E+00
 15  8 0.560  0.70  0.1048380E+01  0.1382894E+00
 15  9 0.560  0.80  0.1079841E+01  0.1433363E-01
 15 10 0.560  0.90  0.1101290E+01 -0.1145509E+00
 15 11 0.560  1.00  0.1107398E+01 -0.2435829E+00

 16  1 0.600  0.00  0.8427320E+00  0.8427320E+00
 16  2 0.600  0.10  0.8471923E+00  0.7381808E+00
 16  3 0.600  0.20  0.8602915E+00  0.6398029E+00
 16  4 0.600  0.30  0.8811836E+00  0.5438097E+00
 16  5 0.600  0.40  0.9084588E+00  0.4466155E+00
 16  6 0.600  0.50  0.9401435E+00  0.3451779E+00
 16  7 0.600  0.60  0.9737000E+00  0.2373320E+00
 16  8 0.600  0.70  0.1006027E+01  0.1221143E+00
 16  9 0.600  0.80  0.1033459E+01  0.7798427E-04
 16 10 0.600  0.90  0.1051766E+01 -0.1264007E+00
 16 11 0.600  1.00  0.1056156E+01 -0.2528249E+00

 17  1 0.640  0.00  0.8222436E+00  0.8222436E+00
 17  2 0.640  0.10  0.8262058E+00  0.7193884E+00
 17  3 0.640  0.20  0.8378394E+00  0.6218552E+00
 17  4 0.640  0.30  0.8563848E+00  0.5262475E+00
 17  5 0.640  0.40  0.8805757E+00  0.4293435E+00
 17  6 0.640  0.50  0.9086400E+00  0.3284100E+00
 17  7 0.640  0.60  0.9382989E+00  0.2215095E+00
 17  8 0.640  0.70  0.9667670E+00  0.1078016E+00
 17  9 0.640  0.80  0.9907529E+00 -0.1216100E-01
 17 10 0.640  0.90  0.1006458E+01 -0.1361436E+00
 17 11 0.640  1.00  0.1009579E+01 -0.2599454E+00

 18  1 0.680  0.00  0.8022757E+00  0.8022757E+00
 18  2 0.680  0.10  0.8057950E+00  0.7011325E+00
 18  3 0.680  0.20  0.8161260E+00  0.6045627E+00
 18  4 0.680  0.30  0.8325881E+00  0.5095233E+00
 18  5 0.680  0.40  0.8540469E+00  0.4131237E+00
 18  6 0.680  0.50  0.8789141E+00  0.3129110E+00
 18  7 0.680  0.60  0.9051479E+00  0.2071529E+00
 18  8 0.680  0.70  0.9302524E+00  0.9511579E-01
 18  9 0.680  0.80  0.9512783E+00 -0.2266011E-01
 18 10 0.680  0.90  0.9648223E+00 -0.1440895E+00
 18 11 0.680  1.00  0.9670274E+00 -0.2652749E+00

 19  1 0.720  0.00  0.7828519E+00  0.7828519E+00
 19  2 0.720  0.10  0.7859761E+00  0.6834254E+00
 19  3 0.720  0.20  0.7951458E+00  0.5879127E+00
 19  4 0.720  0.30  0.8097526E+00  0.4935920E+00
 19  5 0.720  0.40  0.8287827E+00  0.3978732E+00
 19  6 0.720  0.50  0.8508167E+00  0.2985588E+00
 19  7 0.720  0.60  0.8740296E+00  0.1941012E+00
 19  8 0.720  0.70  0.8961908E+00  0.8385886E-01
 19  9 0.720  0.80  0.9146641E+00 -0.3164957E-01
 19 10 0.720  0.90  0.9264080E+00 -0.1504938E+00
 19 11 0.720  1.00  0.9279752E+00 -0.2690815E+00

 20  1 0.760  0.00  0.7639866E+00  0.7639866E+00
 20  2 0.760  0.10  0.7667572E+00  0.6662716E+00
 20  3 0.760  0.20  0.7748883E+00  0.5718902E+00
 20  4 0.760  0.30  0.7878380E+00  0.4784110E+00
 20  5 0.760  0.40  0.8047028E+00  0.3835185E+00
 20  6 0.760  0.50  0.8242179E+00  0.2852469E+00
 20  7 0.760  0.60  0.8447572E+00  0.1822158E+00
 20  8 0.760  0.70  0.8643333E+00  0.7386289E-01
 20  9 0.760  0.80  0.8805973E+00 -0.3932252E-01
 20 10 0.760  0.90  0.8908390E+00 -0.1555678E+00
 20 11 0.760  1.00  0.8919870E+00 -0.2715855E+00

 21  1 0.800  0.00  0.7456863E+00  0.7456863E+00
 21  2 0.800  0.10  0.7481397E+00  0.6496704E+00
 21  3 0.800  0.20  0.7553397E+00  0.5564773E+00
 21  4 0.800  0.30  0.7668050E+00  0.4639401E+00
 21  5 0.800  0.40  0.7817335E+00  0.3699929E+00
 21  6 0.800  0.50  0.7990025E+00  0.2728819E+00
 21  7 0.800  0.60  0.8171684E+00  0.1713770E+00
 21  8 0.800  0.70  0.8344665E+00  0.6498425E-01
 21  9 0.800  0.80  0.8488117E+00 -0.4584253E-01
 21 10 0.800  0.90  0.8577980E+00 -0.1594893E+00
 21 11 0.800  1.00  0.8586985E+00 -0.2729694E+00

 22  1 0.840  0.00  0.7279520E+00  0.7279520E+00
 22  2 0.840  0.10  0.7301202E+00  0.6336169E+00
 22  3 0.840  0.20  0.7364832E+00  0.5416552E+00
 22  4 0.840  0.30  0.7466154E+00  0.4501412E+00
 22  5 0.840  0.40  0.7598081E+00  0.3572368E+00
 22  6 0.840  0.50  0.7750686E+00  0.2613812E+00
 22  7 0.840  0.60  0.7911211E+00  0.1614806E+00
 22  8 0.840  0.70  0.8064056E+00  0.5709914E-01
 22  9 0.840  0.80  0.8190792E+00 -0.5134912E-01
 22 10 0.840  0.90  0.8270149E+00 -0.1624081E+00
 22 11 0.840  1.00  0.8278025E+00 -0.2733861E+00

 23  1 0.880  0.00  0.7107794E+00  0.7107794E+00
 23  2 0.880  0.10  0.7126906E+00  0.6181022E+00
 23  3 0.880  0.20  0.7182993E+00  0.5274037E+00
 23  4 0.880  0.30  0.7272316E+00  0.4369779E+00
 23  5 0.880  0.40  0.7388642E+00  0.3451956E+00
 23  6 0.880  0.50  0.7523242E+00  0.2506716E+00
 23  7 0.880  0.60  0.7664897E+00  0.1524352E+00
 23  8 0.880  0.70  0.7799892E+00  0.5010064E-01
 23  9 0.880  0.80  0.7912021E+00 -0.5596156E-01
 23 10 0.880  0.90  0.7982581E+00 -0.1644511E+00
 23 11 0.880  1.00  0.7990379E+00 -0.2729636E+00

 24  1 0.920  0.00  0.6941609E+00  0.6941609E+00
 24  2 0.920  0.10  0.6958398E+00  0.6031150E+00
 24  3 0.920  0.20  0.7007676E+00  0.5137017E+00
 24  4 0.920  0.30  0.7086173E+00  0.4244162E+00
 24  5 0.920  0.40  0.7188444E+00  0.3338193E+00
 24  6 0.920  0.50  0.7306864E+00  0.2406873E+00
 24  7 0.920  0.60  0.7431629E+00  0.1441605E+00
 24  8 0.920  0.70  0.7550757E+00  0.4389540E-01
 24  9 0.920  0.80  0.7650086E+00 -0.5978308E-01
 24 10 0.920  0.90  0.7713277E+00 -0.1657273E+00
 24 11 0.920  1.00  0.7721812E+00 -0.2718113E+00

 25  1 0.960  0.00  0.6780858E+00  0.6780858E+00
 25  2 0.960  0.10  0.6795545E+00  0.5886419E+00
 25  3 0.960  0.20  0.6838660E+00  0.5005282E+00
 25  4 0.960  0.30  0.6907370E+00  0.4124231E+00
 25  5 0.960  0.40  0.6996954E+00  0.3230627E+00
 25  6 0.960  0.50  0.7100801E+00  0.2313697E+00
 25  7 0.960  0.60  0.7210412E+00  0.1365853E+00
 25  8 0.960  0.70  0.7315398E+00  0.3840184E-01
 25  9 0.960  0.80  0.7403484E+00 -0.6290290E-01
 25 10 0.960  0.90  0.7460503E+00 -0.1663300E+00
 25 11 0.960  1.00  0.7470401E+00 -0.2700222E+00

 26  1 1.000  0.00  0.6625413E+00  0.6625413E+00
 26  2 1.000  0.10  0.6638085E+00  0.5746590E+00
 26  3 1.000  0.20  0.6675257E+00  0.4878278E+00
 26  4 1.000  0.30  0.6734408E+00  0.4008993E+00
 26  5 1.000  0.40  0.6811333E+00  0.3127764E+00
 26  6 1.000  0.50  0.6900145E+00  0.2225297E+00
 26  7 1.000  0.60  0.6993276E+00  0.1295155E+00
 26  8 1.000  0.70  0.7081478E+00  0.3349533E-01
 26  9 1.000  0.80  0.7153816E+00 -0.6524288E-01
 26 10 1.000  0.90  0.7197677E+00 -0.1657626E+00
 26 11 1.000  1.00  0.7198766E+00 -0.2663544E+00

 27  1 1.040  0.00  0.6483000E+00  0.6483000E+00
 27  2 1.040  0.10  0.6493825E+00  0.5603308E+00
 27  3 1.040  0.20  0.6525579E+00  0.4733602E+00
 27  4 1.040  0.30  0.6576110E+00  0.3863950E+00
 27  5 1.040  0.40  0.6641823E+00  0.2984924E+00
 27  6 1.040  0.50  0.6717692E+00  0.2088600E+00
 27  7 1.040  0.60  0.6797251E+00  0.1169567E+00
 27  8 1.040  0.70  0.6872597E+00  0.2259469E-01
 27  9 1.040  0.80  0.6934392E+00 -0.7395826E-01
 27 10 1.040  0.90  0.6971861E+00 -0.1718756E+00
 27 11 1.040  1.00  0.6972792E+00 -0.2696682E+00

 28  1 1.080  0.00  0.6346123E+00  0.6346123E+00
 28  2 1.080  0.10  0.6355420E+00  0.5467234E+00
 28  3 1.080  0.20  0.6382695E+00  0.4598077E+00
 28  4 1.080  0.30  0.6426098E+00  0.3730026E+00
 28  5 1.080  0.40  0.6482542E+00  0.2854939E+00
 28  6 1.080  0.50  0.6547709E+00  0.1966023E+00
 28  7 1.080  0.60  0.6616045E+00  0.1058703E+00
 28  8 1.080  0.70  0.6680762E+00  0.1314919E-01
 28  9 1.080  0.80  0.6733841E+00 -0.8131370E-01
 28 10 1.080  0.90  0.6766024E+00 -0.1767877E+00
 28 11 1.080  1.00  0.6766824E+00 -0.2719713E+00

 29  1 1.120  0.00  0.6214444E+00  0.6214444E+00
 29  2 1.120  0.10  0.6222470E+00  0.5337746E+00
 29  3 1.120  0.20  0.6246018E+00  0.4470720E+00
 29  4 1.120  0.30  0.6283488E+00  0.3605845E+00
 29  5 1.120  0.40  0.6332216E+00  0.2736057E+00
 29  6 1.120  0.50  0.6388475E+00  0.1855505E+00
 29  7 1.120  0.60  0.6447471E+00  0.9602980E-01
 29  8 1.120  0.70  0.6503342E+00  0.4925336E-02
 29  9 1.120  0.80  0.6549166E+00 -0.8753554E-01
 29 10 1.120  0.90  0.6576951E+00 -0.1807057E+00
 29 11 1.120  1.00  0.6577640E+00 -0.2734439E+00

 30  1 1.160  0.00  0.6087657E+00  0.6087657E+00
 30  2 1.160  0.10  0.6094620E+00  0.5214303E+00
 30  3 1.160  0.20  0.6115045E+00  0.4350701E+00
 30  4 1.160  0.30  0.6147546E+00  0.3490265E+00
 30  5 1.160  0.40  0.6189814E+00  0.2626846E+00
 30  6 1.160  0.50  0.6238614E+00  0.1755376E+00
 30  7 1.160  0.60  0.6289787E+00  0.8725289E-01
 30  8 1.160  0.70  0.6338251E+00 -0.2263751E-02
 30  9 1.160  0.80  0.6377999E+00 -0.9280410E-01
 30 10 1.160  0.90  0.6402099E+00 -0.1837937E+00
 30 11 1.160  1.00  0.6402698E+00 -0.2742291E+00

 31  1 1.200  0.00  0.5965489E+00  0.5965489E+00
 31  2 1.200  0.10  0.5971555E+00  0.5096435E+00
 31  3 1.200  0.20  0.5989351E+00  0.4237311E+00
 31  4 1.200  0.30  0.6017668E+00  0.3382332E+00
 31  5 1.200  0.40  0.6054494E+00  0.2526117E+00
 31  6 1.200  0.50  0.6097012E+00  0.1664261E+00
 31  7 1.200  0.60  0.6141596E+00  0.7939082E-01
 31  8 1.200  0.70  0.6183821E+00 -0.8569699E-02
 31  9 1.200  0.80  0.6218451E+00 -0.9726501E-01
 31 10 1.200  0.90  0.6239449E+00 -0.1861842E+00
 31 11 1.200  1.00  0.6239971E+00 -0.2744420E+00

 32  1 1.240  0.00  0.5847687E+00  0.5847687E+00
 32  2 1.240  0.10  0.5852994E+00  0.4983728E+00
 32  3 1.240  0.20  0.5868563E+00  0.4129943E+00
 32  4 1.240  0.30  0.5893337E+00  0.3281234E+00
 32  5 1.240  0.40  0.5925556E+00  0.2432876E+00
 32  6 1.240  0.50  0.5962753E+00  0.1581024E+00
 32  7 1.240  0.60  0.6001760E+00  0.7232109E-01
 32  8 1.240  0.70  0.6038702E+00 -0.1411675E-01
 32  9 1.240  0.80  0.6068999E+00 -0.1010372E+00
 32 10 1.240  0.90  0.6087370E+00 -0.1879847E+00
 32 11 1.240  1.00  0.6087826E+00 -0.2741763E+00

 33  1 1.280  0.00  0.5734022E+00  0.5734022E+00
 33  2 1.280  0.10  0.5738683E+00  0.4875814E+00
 33  3 1.280  0.20  0.5752357E+00  0.4028072E+00
 33  4 1.280  0.30  0.5774116E+00  0.3186283E+00
 33  5 1.280  0.40  0.5802414E+00  0.2346286E+00
 33  6 1.280  0.50  0.5835084E+00  0.1504711E+00
 33  7 1.280  0.60  0.5869343E+00  0.6594178E-01
 33  8 1.280  0.70  0.5901789E+00 -0.1900765E-01
 33  9 1.280  0.80  0.5928399E+00 -0.1042186E+00
 33 10 1.280  0.90  0.5944534E+00 -0.1892840E+00
 33 11 1.280  1.00  0.5944934E+00 -0.2735092E+00

 34  1 1.320  0.00  0.5624281E+00  0.5624281E+00
 34  2 1.320  0.10  0.5628390E+00  0.4772367E+00
 34  3 1.320  0.20  0.5640444E+00  0.3931236E+00
 34  4 1.320  0.30  0.5659625E+00  0.3096885E+00
 34  5 1.320  0.40  0.5684569E+00  0.2265632E+00
 34  6 1.320  0.50  0.5713369E+00  0.1434517E+00
 34  7 1.320  0.60  0.5743570E+00  0.6016741E-01
 34  8 1.320  0.70  0.5772171E+00 -0.2332843E-01
 34  9 1.320  0.80  0.5795628E+00 -0.1068909E+00
 34 10 1.320  0.90  0.5809852E+00 -0.1901558E+00
 34 11 1.320  1.00  0.5810205E+00 -0.2725050E+00

 35  1 1.360  0.00  0.5518270E+00  0.5518270E+00
 35  2 1.360  0.10  0.5521905E+00  0.4673096E+00
 35  3 1.360  0.20  0.5532568E+00  0.3839036E+00
 35  4 1.360  0.30  0.5549535E+00  0.3012527E+00
 35  5 1.360  0.40  0.5571600E+00  0.2190307E+00
 35  6 1.360  0.50  0.5597076E+00  0.1369760E+00
 35  7 1.360  0.60  0.5623790E+00  0.5492576E-01
 35  8 1.360  0.70  0.5649090E+00 -0.2715124E-01
 35  9 1.360  0.80  0.5669840E+00 -0.1091227E+00
 35 10 1.360  0.90  0.5682421E+00 -0.1906618E+00
 35 11 1.360  1.00  0.5682734E+00 -0.2712173E+00

 36  1 1.400  0.00  0.5415807E+00  0.5415807E+00
 36  2 1.400  0.10  0.5419033E+00  0.4577734E+00
 36  3 1.400  0.20  0.5428496E+00  0.3751112E+00
 36  4 1.400  0.30  0.5443553E+00  0.2932762E+00
 36  5 1.400  0.40  0.5463136E+00  0.2119782E+00
 36  6 1.400  0.50  0.5485744E+00  0.1309855E+00
 36  7 1.400  0.60  0.5509453E+00  0.5015538E-01
 36  8 1.400  0.70  0.5531906E+00 -0.3053736E-01
 36  9 1.400  0.80  0.5550321E+00 -0.1109718E+00
 36 10 1.400  0.90  0.5561486E+00 -0.1908541E+00
 36 11 1.400  1.00  0.5561764E+00 -0.2696914E+00

 37  1 1.440  0.00  0.5316724E+00  0.5316724E+00
 37  2 1.440  0.10  0.5319596E+00  0.4486043E+00
 37  3 1.440  0.20  0.5328020E+00  0.3667150E+00
 37  4 1.440  0.30  0.5341424E+00  0.2857199E+00
 37  5 1.440  0.40  0.5358857E+00  0.2053601E+00
 37  6 1.440  0.50  0.5378984E+00  0.1254299E+00
 37  7 1.440  0.60  0.5400089E+00  0.4580354E-01
 37  8 1.440  0.70  0.5420077E+00 -0.3353911E-01
 37  9 1.440  0.80  0.5436471E+00 -0.1124875E+00
 37 10 1.440  0.90  0.5446410E+00 -0.1907770E+00
 37 11 1.440  1.00  0.5446657E+00 -0.2679656E+00

 38  1 1.480  0.00  0.5220863E+00  0.5220863E+00
 38  2 1.480  0.10  0.5223427E+00  0.4397806E+00
 38  3 1.480  0.20  0.5230948E+00  0.3586867E+00
 38  4 1.480  0.30  0.5242916E+00  0.2785492E+00
 38  5 1.480  0.40  0.5258481E+00  0.1991366E+00
 38  6 1.480  0.50  0.5276451E+00  0.1202655E+00
 38  7 1.480  0.60  0.5295294E+00  0.4182484E-01
 38  8 1.480  0.70  0.5313140E+00 -0.3620131E-01
 38  9 1.480  0.80  0.5327776E+00 -0.1137120E+00
 38 10 1.480  0.90  0.5336651E+00 -0.1904681E+00
 38 11 1.480  1.00  0.5336871E+00 -0.2660727E+00

 39  1 1.520  0.00  0.5128078E+00  0.5128078E+00
 39  2 1.520  0.10  0.5130373E+00  0.4312825E+00
 39  3 1.520  0.20  0.5137107E+00  0.3510010E+00
 39  4 1.520  0.30  0.5147822E+00  0.2717336E+00
 39  5 1.520  0.40  0.5161757E+00  0.1932726E+00
 39  6 1.520  0.50  0.5177846E+00  0.1154542E+00
 39  7 1.520  0.60  0.5194716E+00  0.3817998E-01
 39  8 1.520  0.70  0.5210694E+00 -0.3856271E-01
 39  9 1.520  0.80  0.5223799E+00 -0.1146814E+00
 39 10 1.520  0.90  0.5231744E+00 -0.1899599E+00
 39 11 1.520  1.00  0.5231941E+00 -0.2640406E+00

 40  1 1.560  0.00  0.5038230E+00  0.5038230E+00
 40  2 1.560  0.10  0.5040290E+00  0.4230918E+00
 40  3 1.560  0.20  0.5046335E+00  0.3436351E+00
 40  4 1.560  0.30  0.5055954E+00  0.2652459E+00
 40  5 1.560  0.40  0.5068463E+00  0.1877373E+00
 40  6 1.560  0.50  0.5082906E+00  0.1109628E+00
 40  7 1.560  0.60  0.5098051E+00  0.3483470E-01
 40  8 1.560  0.70  0.5112393E+00 -0.4065679E-01
 40  9 1.560  0.80  0.5124157E+00 -0.1154270E+00
 40 10 1.560  0.90  0.5131290E+00 -0.1892801E+00
 40 11 1.560  1.00  0.5131467E+00 -0.2618932E+00

 41  1 1.600  0.00  0.4951189E+00  0.4951189E+00
 41  2 1.600  0.10  0.4953043E+00  0.4151917E+00
 41  3 1.600  0.20  0.4958484E+00  0.3365684E+00
 41  4 1.600  0.30  0.4967140E+00  0.2590618E+00
 41  5 1.600  0.40  0.4978398E+00  0.1825036E+00
 41  6 1.600  0.50  0.4991395E+00  0.1067620E+00
 41  7 1.600  0.60  0.5005025E+00  0.3175911E-01
 41  8 1.600  0.70  0.5017933E+00 -0.4251283E-01
 41  9 1.600  0.80  0.5028520E+00 -0.1159761E+00
 41 10 1.600  0.90  0.5034938E+00 -0.1884528E+00
 41 11 1.600  1.00  0.5035098E+00 -0.2596511E+00

 42  1 1.640  0.00  0.4866834E+00  0.4866834E+00
 42  2 1.640  0.10  0.4868507E+00  0.4075669E+00
 42  3 1.640  0.20  0.4873415E+00  0.3297820E+00
 42  4 1.640  0.30  0.4881224E+00  0.2531594E+00
 42  5 1.640  0.40  0.4891379E+00  0.1775469E+00
 42  6 1.640  0.50  0.4903105E+00  0.1028259E+00
 42  7 1.640  0.60  0.4915400E+00  0.2892683E-01
 42  8 1.640  0.70  0.4927045E+00 -0.4415635E-01
 42  9 1.640  0.80  0.4936595E+00 -0.1163522E+00
 42 10 1.640  0.90  0.4942386E+00 -0.1874990E+00
 42 11 1.640  1.00  0.4942529E+00 -0.2573322E+00

 43  1 1.680  0.00  0.4785049E+00  0.4785049E+00
 43  2 1.680  0.10  0.4786561E+00  0.4002030E+00
 43  3 1.680  0.20  0.4790999E+00  0.3232590E+00
 43  4 1.680  0.30  0.4798060E+00  0.2475192E+00
 43  5 1.680  0.40  0.4807243E+00  0.1728457E+00
 43  6 1.680  0.50  0.4817844E+00  0.9913171E-01
 43  7 1.680  0.60  0.4828962E+00  0.2631475E-01
 43  8 1.680  0.70  0.4839491E+00 -0.4560970E-01
 43  9 1.680  0.80  0.4848126E+00 -0.1165761E+00
 43 10 1.680  0.90  0.4853362E+00 -0.1864368E+00
 43 11 1.680  1.00  0.4853492E+00 -0.2549519E+00

 44  1 1.720  0.00  0.4705727E+00  0.4705727E+00
 44  2 1.720  0.10  0.4707098E+00  0.3930870E+00
 44  3 1.720  0.20  0.4711119E+00  0.3169839E+00
 44  4 1.720  0.30  0.4717517E+00  0.2421234E+00
 44  5 1.720  0.40  0.4725838E+00  0.1683807E+00
 44  6 1.720  0.50  0.4735445E+00  0.9565905E-01
 44  7 1.720  0.60  0.4745519E+00  0.2390238E-01
 44  8 1.720  0.70  0.4755060E+00 -0.4689268E-01
 44  9 1.720  0.80  0.4762885E+00 -0.1166657E+00
 44 10 1.720  0.90  0.4767630E+00 -0.1852820E+00
 44 11 1.720  1.00  0.4767748E+00 -0.2525233E+00

 45  1 1.760  0.00  0.4628763E+00  0.4628763E+00
 45  2 1.760  0.10  0.4630008E+00  0.3862064E+00
 45  3 1.760  0.20  0.4633659E+00  0.3109420E+00
 45  4 1.760  0.30  0.4639469E+00  0.2369559E+00
 45  5 1.760  0.40  0.4647025E+00  0.1641343E+00
 45  6 1.760  0.50  0.4655749E+00  0.9238961E-01
 45  7 1.760  0.60  0.4664897E+00  0.2167143E-01
 45  8 1.760  0.70  0.4673561E+00 -0.4802265E-01
 45  9 1.760  0.80  0.4680667E+00 -0.1166369E+00
 45 10 1.760  0.90  0.4684975E+00 -0.1840484E+00
 45 11 1.760  1.00  0.4685082E+00 -0.2500580E+00

 46  1 1.800  0.00  0.4554064E+00  0.4554064E+00
 46  2 1.800  0.10  0.4555196E+00  0.3795501E+00
 46  3 1.800  0.20  0.4558519E+00  0.3051207E+00
 46  4 1.800  0.30  0.4563805E+00  0.2320021E+00
 46  5 1.800  0.40  0.4570681E+00  0.1600908E+00
 46  6 1.800  0.50  0.4578618E+00  0.8930720E-01
 46  7 1.800  0.60  0.4586942E+00  0.1960579E-01
 46  8 1.800  0.70  0.4594825E+00 -0.4901503E-01
 46  9 1.800  0.80  0.4601290E+00 -0.1165040E+00
 46 10 1.800  0.90  0.4605210E+00 -0.1827482E+00
 46 11 1.800  1.00  0.4605308E+00 -0.2475662E+00

 47  1 1.840  0.00  0.4481534E+00  0.4481534E+00
 47  2 1.840  0.10  0.4482566E+00  0.3731070E+00
 47  3 1.840  0.20  0.4485595E+00  0.2995075E+00
 47  4 1.840  0.30  0.4490415E+00  0.2272487E+00
 47  5 1.840  0.40  0.4496682E+00  0.1562360E+00
 47  6 1.840  0.50  0.4503919E+00  0.8639719E-01
 47  7 1.840  0.60  0.4511507E+00  0.1769097E-01
 47  8 1.840  0.70  0.4518693E+00 -0.4988353E-01
 47  9 1.840  0.80  0.4524587E+00 -0.1162789E+00
 47 10 1.840  0.90  0.4528161E+00 -0.1813919E+00
 47 11 1.840  1.00  0.4528250E+00 -0.2450561E+00

 48  1 1.880  0.00  0.4411087E+00  0.4411087E+00
 48  2 1.880  0.10  0.4412030E+00  0.3668674E+00
 48  3 1.880  0.20  0.4414797E+00  0.2940914E+00
 48  4 1.880  0.30  0.4419198E+00  0.2226834E+00
 48  5 1.880  0.40  0.4424923E+00  0.1525570E+00
 48  6 1.880  0.50  0.4431532E+00  0.8364637E-01
 48  7 1.880  0.60  0.4438463E+00  0.1591405E-01
 48  8 1.880  0.70  0.4445026E+00 -0.5064030E-01
 48  9 1.880  0.80  0.4450409E+00 -0.1159728E+00
 48 10 1.880  0.90  0.4453673E+00 -0.1799887E+00
 48 11 1.880  1.00  0.4453754E+00 -0.2425355E+00

 49  1 1.920  0.00  0.4342642E+00  0.4342642E+00
 49  2 1.920  0.10  0.4343505E+00  0.3608220E+00
 49  3 1.920  0.20  0.4346036E+00  0.2888620E+00
 49  4 1.920  0.30  0.4350063E+00  0.2182951E+00
 49  5 1.920  0.40  0.4355301E+00  0.1490421E+00
 49  6 1.920  0.50  0.4361348E+00  0.8104281E-01
 49  7 1.920  0.60  0.4367689E+00  0.1426336E-01
 49  8 1.920  0.70  0.4373694E+00 -0.5129623E-01
 49  9 1.920  0.80  0.4378619E+00 -0.1155954E+00
 49 10 1.920  0.90  0.4381606E+00 -0.1785468E+00
 49 11 1.920  1.00  0.4381680E+00 -0.2400108E+00

 50  1 1.960  0.00  0.4276118E+00  0.4276118E+00
 50  2 1.960  0.10  0.4276909E+00  0.3549618E+00
 50  3 1.960  0.20  0.4279228E+00  0.2838097E+00
 50  4 1.960  0.30  0.4282920E+00  0.2140734E+00
 50  5 1.960  0.40  0.4287720E+00  0.1456805E+00
 50  6 1.960  0.50  0.4293262E+00  0.7857574E-01
 50  7 1.960  0.60  0.4299074E+00  0.1272847E-01
 50  8 1.960  0.70  0.4304578E+00 -0.5186104E-01
 50  9 1.960  0.80  0.4309092E+00 -0.1151552E+00
 50 10 1.960  0.90  0.4311829E+00 -0.1770735E+00
 50 11 1.960  1.00  0.4311897E+00 -0.2374877E+00

 51  1 2.000  0.00  0.4211443E+00  0.4211443E+00
 51  2 2.000  0.10  0.4212169E+00  0.3492789E+00
 51  3 2.000  0.20  0.4214298E+00  0.2789256E+00
 51  4 2.000  0.30  0.4217687E+00  0.2100090E+00
 51  5 2.000  0.40  0.4222094E+00  0.1424624E+00
 51  6 2.000  0.50  0.4227181E+00  0.7623547E-01
 51  7 2.000  0.60  0.4232516E+00  0.1129997E-01
 51  8 2.000  0.70  0.4237569E+00 -0.5234342E-01
 51  9 2.000  0.80  0.4241713E+00 -0.1146598E+00
 51 10 2.000  0.90  0.4244226E+00 -0.1755751E+00
 51 11 2.000  1.00  0.4244288E+00 -0.2349710E+00

