# getMmMb vers. 0.4 starts...
#ROWS=   51
#COLS=   11
#theta=  0.0000000E+00   #radians =   0.00 deg.
#iaoc iaob a/c a/B         Mm          Mb
  1  1 0.000  0.00  0.0000000E+00  0.0000000E+00
  1  2 0.000  0.10  0.0000000E+00  0.0000000E+00
  1  3 0.000  0.20  0.0000000E+00  0.0000000E+00
  1  4 0.000  0.30  0.0000000E+00  0.0000000E+00
  1  5 0.000  0.40  0.0000000E+00  0.0000000E+00
  1  6 0.000  0.50  0.0000000E+00  0.0000000E+00
  1  7 0.000  0.60  0.0000000E+00  0.0000000E+00
  1  8 0.000  0.70  0.0000000E+00  0.0000000E+00
  1  9 0.000  0.80  0.0000000E+00  0.0000000E+00
  1 10 0.000  0.90  0.0000000E+00  0.0000000E+00
  1 11 0.000  1.00  0.0000000E+00  0.0000000E+00

  2  1 0.040  0.00  0.2469174E+00  0.2469174E+00
  2  2 0.040  0.10  0.2547652E+00  0.2459911E+00
  2  3 0.040  0.20  0.2797244E+00  0.2604570E+00
  2  4 0.040  0.30  0.3261514E+00  0.2924534E+00
  2  5 0.040  0.40  0.4016670E+00  0.3463333E+00
  2  6 0.040  0.50  0.5176973E+00  0.4285498E+00
  2  7 0.040  0.60  0.6902308E+00  0.5476015E+00
  2  8 0.040  0.70  0.9407914E+00  0.7139853E+00
  2  9 0.040  0.80  0.1297628E+01  0.9401052E+00
  2 10 0.040  0.90  0.1797119E+01  0.1240084E+01
  2 11 0.040  1.00  0.2485397E+01  0.1629426E+01

  3  1 0.080  0.00  0.3454381E+00  0.3454381E+00
  3  2 0.080  0.10  0.3547124E+00  0.3423400E+00
  3  3 0.080  0.20  0.3832287E+00  0.3564947E+00
  3  4 0.080  0.30  0.4331037E+00  0.3877837E+00
  3  5 0.080  0.40  0.5079850E+00  0.4371109E+00
  3  6 0.080  0.50  0.6132317E+00  0.5062841E+00
  3  7 0.080  0.60  0.7561665E+00  0.5979160E+00
  3  8 0.080  0.70  0.9464001E+00  0.7153271E+00
  3  9 0.080  0.80  0.1196228E+01  0.8624322E+00
  3 10 0.080  0.90  0.1521097E+01  0.1043594E+01
  3 11 0.080  1.00  0.1940150E+01  0.1263425E+01

  4  1 0.120  0.00  0.4173332E+00  0.4173332E+00
  4  2 0.120  0.10  0.4270394E+00  0.4119564E+00
  4  3 0.120  0.20  0.4564101E+00  0.4241693E+00
  4  4 0.120  0.30  0.5061953E+00  0.4525588E+00
  4  5 0.120  0.40  0.5776235E+00  0.4960168E+00
  4  6 0.120  0.50  0.6723709E+00  0.5536302E+00
  4  7 0.120  0.60  0.7925168E+00  0.6245666E+00
  4  8 0.120  0.70  0.9404874E+00  0.7079613E+00
  4  9 0.120  0.80  0.1118986E+01  0.8028050E+00
  4 10 0.120  0.90  0.1330910E+01  0.9078406E+00
  4 11 0.120  1.00  0.1579261E+01  0.1021466E+01

  5  1 0.160  0.00  0.4742754E+00  0.4742754E+00
  5  2 0.160  0.10  0.4840028E+00  0.4666949E+00
  5  3 0.160  0.20  0.5132285E+00  0.4765224E+00
  5  4 0.160  0.30  0.5620575E+00  0.5017599E+00
  5  5 0.160  0.40  0.6305799E+00  0.5403818E+00
  5  6 0.160  0.50  0.7187446E+00  0.5902330E+00
  5  7 0.160  0.60  0.8261808E+00  0.6489154E+00
  5  8 0.160  0.70  0.9519701E+00  0.7136729E+00
  5  9 0.160  0.80  0.1094367E+01  0.7812904E+00
  5 10 0.160  0.90  0.1250469E+01  0.8480178E+00
  5 11 0.160  1.00  0.1415835E+01  0.9095322E+00

  6  1 0.200  0.00  0.5208978E+00  0.5208978E+00
  6  2 0.200  0.10  0.5304447E+00  0.5112426E+00
  6  3 0.200  0.20  0.5590383E+00  0.5185640E+00
  6  4 0.200  0.30  0.6065044E+00  0.5406380E+00
  6  5 0.200  0.40  0.6724432E+00  0.5750734E+00
  6  6 0.200  0.50  0.7560660E+00  0.6192181E+00
  6  7 0.200  0.60  0.8559656E+00  0.6700499E+00
  6  8 0.200  0.70  0.9698220E+00  0.7240691E+00
  6  9 0.200  0.80  0.1094041E+01  0.7772070E+00
  6 10 0.200  0.90  0.1223331E+01  0.8247700E+00
  6 11 0.200  1.00  0.1350209E+01  0.8614330E+00

  7  1 0.240  0.00  0.5596810E+00  0.5596810E+00
  7  2 0.240  0.10  0.5689420E+00  0.5480960E+00
  7  3 0.240  0.20  0.5966387E+00  0.5529171E+00
  7  4 0.240  0.30  0.6424781E+00  0.5718569E+00
  7  5 0.240  0.40  0.7058545E+00  0.6024045E+00
  7  6 0.240  0.50  0.7856760E+00  0.6417401E+00
  7  7 0.240  0.60  0.8801188E+00  0.6866335E+00
  7  8 0.240  0.70  0.9863133E+00  0.7333436E+00
  7  9 0.240  0.80  0.1099959E+01  0.7775393E+00
  7 10 0.240  0.90  0.1214872E+01  0.8142557E+00
  7 11 0.240  1.00  0.1322457E+01  0.8379084E+00

  8  1 0.280  0.00  0.5921894E+00  0.5921894E+00
  8  2 0.280  0.10  0.6011094E+00  0.5788203E+00
  8  3 0.280  0.20  0.6277663E+00  0.5812111E+00
  8  4 0.280  0.30  0.6718145E+00  0.5970818E+00
  8  5 0.280  0.40  0.7325613E+00  0.6239079E+00
  8  6 0.280  0.50  0.8087924E+00  0.6588423E+00
  8  7 0.280  0.60  0.8985263E+00  0.6986222E+00
  8  8 0.280  0.70  0.9986996E+00  0.7394772E+00
  8  9 0.280  0.80  0.1104782E+01  0.7770594E+00
  8 10 0.280  0.90  0.1210321E+01  0.8064129E+00
  8 11 0.280  1.00  0.1306419E+01  0.8219988E+00

  9  1 0.320  0.00  0.6195177E+00  0.6195177E+00
  9  2 0.320  0.10  0.6280708E+00  0.6045056E+00
  9  3 0.320  0.20  0.6536188E+00  0.6045712E+00
  9  4 0.320  0.30  0.6957927E+00  0.6174742E+00
  9  5 0.320  0.40  0.7538640E+00  0.6407241E+00
  9  6 0.320  0.50  0.8265742E+00  0.6715088E+00
  9  7 0.320  0.60  0.9118952E+00  0.7066094E+00
  9  8 0.320  0.70  0.1006723E+01  0.7423172E+00
  9  9 0.320  0.80  0.1106501E+01  0.7743739E+00
  9 10 0.320  0.90  0.1204780E+01  0.7979495E+00
  9 11 0.320  1.00  0.1292698E+01  0.8076778E+00

 10  1 0.360  0.00  0.6424880E+00  0.6424880E+00
 10  2 0.360  0.10  0.6506651E+00  0.6259658E+00
 10  3 0.360  0.20  0.6750815E+00  0.6238293E+00
 10  4 0.360  0.30  0.7153593E+00  0.6338942E+00
 10  5 0.360  0.40  0.7707594E+00  0.6537273E+00
 10  6 0.360  0.50  0.8400169E+00  0.6805817E+00
 10  7 0.360  0.60  0.9211117E+00  0.7113193E+00
 10  8 0.360  0.70  0.1010973E+01  0.7423370E+00
 10  9 0.360  0.80  0.1105116E+01  0.7695146E+00
 10 10 0.360  0.90  0.1197220E+01  0.7882017E+00
 10 11 0.360  1.00  0.1278629E+01  0.7932616E+00

 11  1 0.400  0.00  0.6617472E+00  0.6617472E+00
 11  2 0.400  0.10  0.6695495E+00  0.6438388E+00
 11  3 0.400  0.20  0.6928409E+00  0.6396307E+00
 11  4 0.400  0.30  0.7312431E+00  0.6470039E+00
 11  5 0.400  0.40  0.7840210E+00  0.6635954E+00
 11  6 0.400  0.50  0.8499259E+00  0.6867402E+00
 11  7 0.400  0.60  0.9269769E+00  0.7134014E+00
 11  8 0.400  0.70  0.1012178E+01  0.7401043E+00
 11  9 0.400  0.80  0.1101173E+01  0.7628925E+00
 11 10 0.400  0.90  0.1187839E+01  0.7773221E+00
 11 11 0.400  1.00  0.1263818E+01  0.7785117E+00

 12  1 0.440  0.00  0.6778210E+00  0.6778210E+00
 12  2 0.440  0.10  0.6852562E+00  0.6586409E+00
 12  3 0.440  0.20  0.7074474E+00  0.6524929E+00
 12  4 0.440  0.30  0.7440215E+00  0.6573281E+00
 12  5 0.440  0.40  0.7942579E+00  0.6708620E+00
 12  6 0.440  0.50  0.8569392E+00  0.6905216E+00
 12  7 0.440  0.60  0.9301440E+00  0.7133832E+00
 12  8 0.440  0.70  0.1010979E+01  0.7361138E+00
 12  9 0.440  0.80  0.1095251E+01  0.7549348E+00
 12 10 0.440  0.90  0.1177084E+01  0.7656225E+00
 12 11 0.440  1.00  0.1248468E+01  0.7635629E+00

 13  1 0.480  0.00  0.6911465E+00  0.6911465E+00
 13  2 0.480  0.10  0.6982259E+00  0.6707996E+00
 13  3 0.480  0.20  0.7193523E+00  0.6628400E+00
 13  4 0.480  0.30  0.7541625E+00  0.6652920E+00
 13  5 0.480  0.40  0.8019574E+00  0.6759539E+00
 13  6 0.480  0.50  0.8615620E+00  0.6923512E+00
 13  7 0.480  0.60  0.9311293E+00  0.7116808E+00
 13  8 0.480  0.70  0.1007888E+01  0.7307588E+00
 13  9 0.480  0.80  0.1087832E+01  0.7459916E+00
 13 10 0.480  0.90  0.1165360E+01  0.7533822E+00
 13 11 0.480  1.00  0.1232852E+01  0.7485878E+00

 14  1 0.520  0.00  0.7020921E+00  0.7020921E+00
 14  2 0.520  0.10  0.7088293E+00  0.6806746E+00
 14  3 0.520  0.20  0.7289327E+00  0.6710263E+00
 14  4 0.520  0.30  0.7620523E+00  0.6712462E+00
 14  5 0.520  0.40  0.8075162E+00  0.6792180E+00
 14  6 0.520  0.50  0.8641996E+00  0.6925696E+00
 14  7 0.520  0.60  0.9303407E+00  0.7086219E+00
 14  8 0.520  0.70  0.1003303E+01  0.7243447E+00
 14  9 0.520  0.80  0.1079286E+01  0.7363321E+00
 14 10 0.520  0.90  0.1152983E+01  0.7408148E+00
 14 11 0.520  1.00  0.1217186E+01  0.7337196E+00

 15  1 0.560  0.00  0.7109718E+00  0.7109718E+00
 15  2 0.560  0.10  0.7173814E+00  0.6885714E+00
 15  3 0.560  0.20  0.7365069E+00  0.6773507E+00
 15  4 0.560  0.30  0.7680135E+00  0.6754833E+00
 15  5 0.560  0.40  0.8112610E+00  0.6809400E+00
 15  6 0.560  0.50  0.8651807E+00  0.6914524E+00
 15  7 0.560  0.60  0.9281033E+00  0.7044675E+00
 15  8 0.560  0.70  0.9975370E+00  0.7171094E+00
 15  9 0.560  0.80  0.1069896E+01  0.7261601E+00
 15 10 0.560  0.90  0.1140183E+01  0.7280754E+00
 15 11 0.560  1.00  0.1201616E+01  0.7190469E+00

 16  1 0.600  0.00  0.7180551E+00  0.7180551E+00
 16  2 0.600  0.10  0.7241524E+00  0.6947518E+00
 16  3 0.600  0.20  0.7423460E+00  0.6820676E+00
 16  4 0.600  0.30  0.7723187E+00  0.6782503E+00
 16  5 0.600  0.40  0.8134646E+00  0.6813580E+00
 16  6 0.600  0.50  0.8647754E+00  0.6892260E+00
 16  7 0.600  0.60  0.9246795E+00  0.6994276E+00
 16  8 0.600  0.70  0.9908355E+00  0.7092401E+00
 16  9 0.600  0.80  0.1059880E+01  0.7156311E+00
 16 10 0.600  0.90  0.1127130E+01  0.7152767E+00
 16 11 0.600  1.00  0.1186238E+01  0.7046252E+00

 17  1 0.640  0.00  0.7235744E+00  0.7235744E+00
 17  2 0.640  0.10  0.7293746E+00  0.6994411E+00
 17  3 0.640  0.20  0.7466825E+00  0.6853948E+00
 17  4 0.640  0.30  0.7751995E+00  0.6797569E+00
 17  5 0.640  0.40  0.8143564E+00  0.6806717E+00
 17  6 0.640  0.50  0.8632081E+00  0.6860778E+00
 17  7 0.640  0.60  0.9202835E+00  0.6936729E+00
 17  8 0.640  0.70  0.9833954E+00  0.7008855E+00
 17  9 0.640  0.80  0.1049405E+01  0.7048646E+00
 17 10 0.640  0.90  0.1113948E+01  0.7025003E+00
 17 11 0.640  1.00  0.1171112E+01  0.6904876E+00

 18  1 0.680  0.00  0.7277309E+00  0.7277309E+00
 18  2 0.680  0.10  0.7332488E+00  0.7028337E+00
 18  3 0.680  0.20  0.7497162E+00  0.6875197E+00
 18  4 0.680  0.30  0.7768537E+00  0.6801820E+00
 18  5 0.680  0.40  0.8141305E+00  0.6790500E+00
 18  6 0.680  0.50  0.8606657E+00  0.6821637E+00
 18  7 0.680  0.60  0.9150913E+00  0.6873434E+00
 18  8 0.680  0.70  0.9753750E+00  0.6921651E+00
 18  9 0.680  0.80  0.1038604E+01  0.6939537E+00
 18 10 0.680  0.90  0.1100730E+01  0.6898057E+00
 18 11 0.680  1.00  0.1156275E+01  0.6766523E+00

 19  1 0.720  0.00  0.7306991E+00  0.7306991E+00
 19  2 0.720  0.10  0.7359493E+00  0.7050983E+00
 19  3 0.720  0.20  0.7516198E+00  0.6886039E+00
 19  4 0.720  0.30  0.7774513E+00  0.6796790E+00
 19  5 0.720  0.40  0.8129518E+00  0.6766360E+00
 19  6 0.720  0.50  0.8573061E+00  0.6776147E+00
 19  7 0.720  0.60  0.9092490E+00  0.6805547E+00
 19  8 0.720  0.70  0.9669034E+00  0.6831752E+00
 19  9 0.720  0.80  0.1027580E+01  0.6829711E+00
 19 10 0.720  0.90  0.1087546E+01  0.6772367E+00
 19 11 0.720  1.00  0.1141749E+01  0.6631278E+00

 20  1 0.760  0.00  0.7326308E+00  0.7326308E+00
 20  2 0.760  0.10  0.7376273E+00  0.7063814E+00
 20  3 0.760  0.20  0.7525426E+00  0.6887872E+00
 20  4 0.760  0.30  0.7771382E+00  0.6783795E+00
 20  5 0.760  0.40  0.8109613E+00  0.6735520E+00
 20  6 0.760  0.50  0.8532621E+00  0.6725412E+00
 20  7 0.760  0.60  0.9028782E+00  0.6734027E+00
 20  8 0.760  0.70  0.9580858E+00  0.6739941E+00
 20  9 0.760  0.80  0.1016418E+01  0.6719739E+00
 20 10 0.760  0.90  0.1074448E+01  0.6648251E+00
 20 11 0.760  1.00  0.1127544E+01  0.6499161E+00

 21  1 0.800  0.00  0.7336584E+00  0.7336584E+00
 21  2 0.800  0.10  0.7384143E+00  0.7068102E+00
 21  3 0.800  0.20  0.7526144E+00  0.6881906E+00
 21  4 0.800  0.30  0.7760407E+00  0.6763971E+00
 21  5 0.800  0.40  0.8082796E+00  0.6699021E+00
 21  6 0.800  0.50  0.8486464E+00  0.6670361E+00
 21  7 0.800  0.60  0.8960804E+00  0.6659670E+00
 21  8 0.800  0.70  0.9490089E+00  0.6646858E+00
 21  9 0.800  0.80  0.1005181E+01  0.6610072E+00
 21 10 0.800  0.90  0.1061474E+01  0.6525940E+00
 21 11 0.800  1.00  0.1113663E+01  0.6370151E+00

 22  1 0.840  0.00  0.7338970E+00  0.7338970E+00
 22  2 0.840  0.10  0.7384250E+00  0.7064955E+00
 22  3 0.840  0.20  0.7519478E+00  0.6869193E+00
 22  4 0.840  0.30  0.7742677E+00  0.6738297E+00
 22  5 0.840  0.40  0.8050103E+00  0.6657757E+00
 22  6 0.840  0.50  0.8435551E+00  0.6611785E+00
 22  7 0.840  0.60  0.8889412E+00  0.6583143E+00
 22  8 0.840  0.70  0.9397440E+00  0.6553023E+00
 22  9 0.840  0.80  0.9939248E+00  0.6501063E+00
 22 10 0.840  0.90  0.1048654E+01  0.6405597E+00
 22 11 0.840  1.00  0.1100106E+01  0.6244199E+00

 23  1 0.880  0.00  0.7334473E+00  0.7334473E+00
 23  2 0.880  0.10  0.7377594E+00  0.7055340E+00
 23  3 0.880  0.20  0.7506405E+00  0.6850646E+00
 23  4 0.880  0.30  0.7719136E+00  0.6707620E+00
 23  5 0.880  0.40  0.8012422E+00  0.6612492E+00
 23  6 0.880  0.50  0.8380695E+00  0.6550351E+00
 23  7 0.880  0.60  0.8815321E+00  0.6505002E+00
 23  8 0.880  0.70  0.9303499E+00  0.6458861E+00
 23  9 0.880  0.80  0.9826905E+00  0.6392991E+00
 23 10 0.880  0.90  0.1036010E+01  0.6287336E+00
 23 11 0.880  1.00  0.1086868E+01  0.6121239E+00

 24  1 0.920  0.00  0.7323975E+00  0.7323975E+00
 24  2 0.920  0.10  0.7365048E+00  0.7040102E+00
 24  3 0.920  0.20  0.7487781E+00  0.6827059E+00
 24  4 0.920  0.30  0.7690601E+00  0.6672673E+00
 24  5 0.920  0.40  0.7970521E+00  0.6563884E+00
 24  6 0.920  0.50  0.8322592E+00  0.6486629E+00
 24  7 0.920  0.60  0.8739135E+00  0.6425711E+00
 24  8 0.920  0.70  0.9208753E+00  0.6364722E+00
 24  9 0.920  0.80  0.9715123E+00  0.6286072E+00
 24 10 0.920  0.90  0.1023557E+01  0.6171230E+00
 24 11 0.920  1.00  0.1073943E+01  0.6001192E+00

 25  1 0.960  0.00  0.7308244E+00  0.7308244E+00
 25  2 0.960  0.10  0.7347376E+00  0.7019977E+00
 25  3 0.960  0.20  0.7464347E+00  0.6799124E+00
 25  4 0.960  0.30  0.7657781E+00  0.6634089E+00
 25  5 0.960  0.40  0.7925059E+00  0.6512496E+00
 25  6 0.960  0.50  0.8261837E+00  0.6421099E+00
 25  7 0.960  0.60  0.8661362E+00  0.6345660E+00
 25  8 0.960  0.70  0.9113601E+00  0.6270886E+00
 25  9 0.960  0.80  0.9604169E+00  0.6180474E+00
 25 10 0.960  0.90  0.1011307E+01  0.6057323E+00
 25 11 0.960  1.00  0.1061323E+01  0.5883974E+00

 26  1 1.000  0.00  0.7287955E+00  0.7287955E+00
 26  2 1.000  0.10  0.7325127E+00  0.6995496E+00
 26  3 1.000  0.20  0.7436236E+00  0.6766975E+00
 26  4 1.000  0.30  0.7619983E+00  0.6591285E+00
 26  5 1.000  0.40  0.7873901E+00  0.6456599E+00
 26  6 1.000  0.50  0.8193923E+00  0.6350290E+00
 26  7 1.000  0.60  0.8573757E+00  0.6258843E+00
 26  8 1.000  0.70  0.9004099E+00  0.6167808E+00
 26  9 1.000  0.80  0.9471652E+00  0.6061857E+00
 26 10 1.000  0.90  0.9957986E+00  0.5925003E+00
 26 11 1.000  1.00  0.1043821E+01  0.5741017E+00

 27  1 1.040  0.00  0.7272528E+00  0.7272528E+00
 27  2 1.040  0.10  0.7306958E+00  0.6987994E+00
 27  3 1.040  0.20  0.7409877E+00  0.6759570E+00
 27  4 1.040  0.30  0.7580101E+00  0.6577025E+00
 27  5 1.040  0.40  0.7815412E+00  0.6429300E+00
 27  6 1.040  0.50  0.8112185E+00  0.6304463E+00
 27  7 1.040  0.60  0.8464871E+00  0.6189663E+00
 27  8 1.040  0.70  0.8865333E+00  0.6071137E+00
 27  9 1.040  0.80  0.9302032E+00  0.5934320E+00
 27 10 1.040  0.90  0.9759064E+00  0.5764128E+00
 27 11 1.040  1.00  0.1021505E+01  0.5545440E+00

 28  1 1.080  0.00  0.7254593E+00  0.7254593E+00
 28  2 1.080  0.10  0.7286626E+00  0.6977781E+00
 28  3 1.080  0.20  0.7382386E+00  0.6750348E+00
 28  4 1.080  0.30  0.7540798E+00  0.6562848E+00
 28  5 1.080  0.40  0.7759860E+00  0.6404945E+00
 28  6 1.080  0.50  0.8036333E+00  0.6265386E+00
 28  7 1.080  0.60  0.8365308E+00  0.6131992E+00
 28  8 1.080  0.70  0.8739637E+00  0.5991685E+00
 28  9 1.080  0.80  0.9149255E+00  0.5830650E+00
 28 10 1.080  0.90  0.9580364E+00  0.5634620E+00
 28 11 1.080  1.00  0.1001450E+01  0.5389400E+00

 29  1 1.120  0.00  0.7234424E+00  0.7234424E+00
 29  2 1.120  0.10  0.7264347E+00  0.6965115E+00
 29  3 1.120  0.20  0.7353807E+00  0.6739374E+00
 29  4 1.120  0.30  0.7501826E+00  0.6548466E+00
 29  5 1.120  0.40  0.7706596E+00  0.6382729E+00
 29  6 1.120  0.50  0.7965217E+00  0.6231564E+00
 29  7 1.120  0.60  0.8273326E+00  0.6083444E+00
 29  8 1.120  0.70  0.8624622E+00  0.5925977E+00
 29  9 1.120  0.80  0.9010282E+00  0.5746059E+00
 29 10 1.120  0.90  0.9418278E+00  0.5530182E+00
 29 11 1.120  1.00  0.9832582E+00  0.5264946E+00

 30  1 1.160  0.00  0.7212268E+00  0.7212268E+00
 30  2 1.160  0.10  0.7240322E+00  0.6950231E+00
 30  3 1.160  0.20  0.7324203E+00  0.6726735E+00
 30  4 1.160  0.30  0.7463019E+00  0.6533684E+00
 30  5 1.160  0.40  0.7655135E+00  0.6362040E+00
 30  6 1.160  0.50  0.7897948E+00  0.6201830E+00
 30  7 1.160  0.60  0.8187569E+00  0.6042160E+00
 30  8 1.160  0.70  0.8518419E+00  0.5871295E+00
 30  9 1.160  0.80  0.8882735E+00  0.5676815E+00
 30 10 1.160  0.90  0.9269980E+00  0.5445917E+00
 30 11 1.160  1.00  0.9666173E+00  0.5165903E+00

 31  1 1.200  0.00  0.7188352E+00  0.7188352E+00
 31  2 1.200  0.10  0.7214742E+00  0.6933352E+00
 31  3 1.200  0.20  0.7293651E+00  0.6712530E+00
 31  4 1.200  0.30  0.7424268E+00  0.6518372E+00
 31  5 1.200  0.40  0.7605113E+00  0.6342416E+00
 31  6 1.200  0.50  0.7833841E+00  0.6175281E+00
 31  7 1.200  0.60  0.8106977E+00  0.6006677E+00
 31  8 1.200  0.70  0.8419563E+00  0.5825499E+00
 31  9 1.200  0.80  0.8764738E+00  0.5619979E+00
 31 10 1.200  0.90  0.9133235E+00  0.5377972E+00
 31 11 1.200  1.00  0.9512802E+00  0.5087416E+00

 32  1 1.240  0.00  0.7162880E+00  0.7162880E+00
 32  2 1.240  0.10  0.7187777E+00  0.6914678E+00
 32  3 1.240  0.20  0.7262232E+00  0.6696866E+00
 32  4 1.240  0.30  0.7385507E+00  0.6502451E+00
 32  5 1.240  0.40  0.7556255E+00  0.6323507E+00
 32  6 1.240  0.50  0.7772363E+00  0.6151205E+00
 32  7 1.240  0.60  0.8030713E+00  0.5975833E+00
 32  8 1.240  0.70  0.8326885E+00  0.5786886E+00
 32  9 1.240  0.80  0.8654794E+00  0.5573213E+00
 32 10 1.240  0.90  0.9006256E+00  0.5323290E+00
 32 11 1.240  1.00  0.9370489E+00  0.5025633E+00

 33  1 1.280  0.00  0.7136035E+00  0.7136035E+00
 33  2 1.280  0.10  0.7159588E+00  0.6894398E+00
 33  3 1.280  0.20  0.7230035E+00  0.6679851E+00
 33  4 1.280  0.30  0.7346697E+00  0.6485875E+00
 33  5 1.280  0.40  0.7508354E+00  0.6305043E+00
 33  6 1.280  0.50  0.7713093E+00  0.6129042E+00
 33  7 1.280  0.60  0.7958109E+00  0.5948705E+00
 33  8 1.280  0.70  0.8239452E+00  0.5754095E+00
 33  9 1.280  0.80  0.8551702E+00  0.5534648E+00
 33 10 1.280  0.90  0.8887606E+00  0.5279422E+00
 33 11 1.280  1.00  0.9237639E+00  0.4977477E+00

 34  1 1.320  0.00  0.7107987E+00  0.7107987E+00
 34  2 1.320  0.10  0.7130325E+00  0.6872684E+00
 34  3 1.320  0.20  0.7197145E+00  0.6661595E+00
 34  4 1.320  0.30  0.7307826E+00  0.6468632E+00
 34  5 1.320  0.40  0.7461256E+00  0.6286827E+00
 34  6 1.320  0.50  0.7655702E+00  0.6108351E+00
 34  7 1.320  0.60  0.7888636E+00  0.5924552E+00
 34  8 1.320  0.70  0.8156513E+00  0.5726032E+00
 34  9 1.320  0.80  0.8454493E+00  0.5502779E+00
 34 10 1.320  0.90  0.8776123E+00  0.5244401E+00
 34 11 1.320  1.00  0.9112956E+00  0.4940466E+00

 35  1 1.360  0.00  0.7078888E+00  0.7078888E+00
 35  2 1.360  0.10  0.7100123E+00  0.6849694E+00
 35  3 1.360  0.20  0.7163647E+00  0.6642203E+00
 35  4 1.360  0.30  0.7268894E+00  0.6450723E+00
 35  5 1.360  0.40  0.7414846E+00  0.6268709E+00
 35  6 1.360  0.50  0.7599933E+00  0.6088786E+00
 35  7 1.360  0.60  0.7821868E+00  0.5902784E+00
 35  8 1.360  0.70  0.8077461E+00  0.5701811E+00
 35  9 1.360  0.80  0.8362377E+00  0.5476383E+00
 35 10 1.360  0.90  0.8670856E+00  0.5216625E+00
 35 11 1.360  1.00  0.8995381E+00  0.4912586E+00

 36  1 1.400  0.00  0.7048876E+00  0.7048876E+00
 36  2 1.400  0.10  0.7069104E+00  0.6825570E+00
 36  3 1.400  0.20  0.7129621E+00  0.6621776E+00
 36  4 1.400  0.30  0.7229909E+00  0.6432165E+00
 36  5 1.400  0.40  0.7369038E+00  0.6250579E+00
 36  6 1.400  0.50  0.7545578E+00  0.6070069E+00
 36  7 1.400  0.60  0.7757458E+00  0.5882918E+00
 36  8 1.400  0.70  0.8001800E+00  0.5680713E+00
 36  9 1.400  0.80  0.8274707E+00  0.5454465E+00
 36 10 1.400  0.90  0.8571022E+00  0.5194789E+00
 36 11 1.400  1.00  0.8884037E+00  0.4892193E+00

 37  1 1.440  0.00  0.7018075E+00  0.7018075E+00
 37  2 1.440  0.10  0.7037381E+00  0.6800445E+00
 37  3 1.440  0.20  0.7095146E+00  0.6600415E+00
 37  4 1.440  0.30  0.7190892E+00  0.6412983E+00
 37  5 1.440  0.40  0.7323771E+00  0.6232359E+00
 37  6 1.440  0.50  0.7492475E+00  0.6051983E+00
 37  7 1.440  0.60  0.7695126E+00  0.5864566E+00
 37  8 1.440  0.70  0.7929121E+00  0.5662149E+00
 37  9 1.440  0.80  0.8190948E+00  0.5436208E+00
 37 10 1.440  0.90  0.8475975E+00  0.5177823E+00
 37 11 1.440  1.00  0.8778195E+00  0.4877938E+00

 38  1 1.480  0.00  0.6986600E+00  0.6986600E+00
 38  2 1.480  0.10  0.7005058E+00  0.6774440E+00
 38  3 1.480  0.20  0.7060293E+00  0.6578211E+00
 38  4 1.480  0.30  0.7151865E+00  0.6393211E+00
 38  5 1.480  0.40  0.7278996E+00  0.6213990E+00
 38  6 1.480  0.50  0.7440493E+00  0.6034356E+00
 38  7 1.480  0.60  0.7634643E+00  0.5847417E+00
 38  8 1.480  0.70  0.7859089E+00  0.5645640E+00
 38  9 1.480  0.80  0.8110657E+00  0.5420943E+00
 38 10 1.480  0.90  0.8385176E+00  0.5164849E+00
 38 11 1.480  1.00  0.8677251E+00  0.4868714E+00

 39  1 1.520  0.00  0.6954550E+00  0.6954550E+00
 39  2 1.520  0.10  0.6972227E+00  0.6747664E+00
 39  3 1.520  0.20  0.7025129E+00  0.6555249E+00
 39  4 1.520  0.30  0.7112853E+00  0.6372888E+00
 39  5 1.520  0.40  0.7234682E+00  0.6195437E+00
 39  6 1.520  0.50  0.7389525E+00  0.6017051E+00
 39  7 1.520  0.60  0.7575821E+00  0.5831214E+00
 39  8 1.520  0.70  0.7791425E+00  0.5630792E+00
 39  9 1.520  0.80  0.8033465E+00  0.5408119E+00
 39 10 1.520  0.90  0.8298173E+00  0.5155137E+00
 39 11 1.520  1.00  0.8580690E+00  0.4863597E+00

 40  1 1.560  0.00  0.6922021E+00  0.6922021E+00
 40  2 1.560  0.10  0.6938975E+00  0.6720217E+00
 40  3 1.560  0.20  0.6989720E+00  0.6531615E+00
 40  4 1.560  0.30  0.7073884E+00  0.6352052E+00
 40  5 1.560  0.40  0.7190807E+00  0.6176676E+00
 40  6 1.560  0.50  0.7339489E+00  0.5999965E+00
 40  7 1.560  0.60  0.7518504E+00  0.5815752E+00
 40  8 1.560  0.70  0.7725897E+00  0.5617280E+00
 40  9 1.560  0.80  0.7959061E+00  0.5397279E+00
 40 10 1.560  0.90  0.8214585E+00  0.5148087E+00
 40 11 1.560  1.00  0.8488081E+00  0.4861833E+00

 41  1 1.600  0.00  0.6889094E+00  0.6889094E+00
 41  2 1.600  0.10  0.6905379E+00  0.6692191E+00
 41  3 1.600  0.20  0.6954124E+00  0.6507382E+00
 41  4 1.600  0.30  0.7034985E+00  0.6330745E+00
 41  5 1.600  0.40  0.7147356E+00  0.6157696E+00
 41  6 1.600  0.50  0.7290316E+00  0.5983012E+00
 41  7 1.600  0.60  0.7462561E+00  0.5800860E+00
 41  8 1.600  0.70  0.7662306E+00  0.5604836E+00
 41  9 1.600  0.80  0.7887180E+00  0.5388042E+00
 41 10 1.600  0.90  0.8134087E+00  0.5143193E+00
 41 11 1.600  1.00  0.8399054E+00  0.4862780E+00

 42  1 1.640  0.00  0.6855847E+00  0.6855847E+00
 42  2 1.640  0.10  0.6871508E+00  0.6663667E+00
 42  3 1.640  0.20  0.6918393E+00  0.6482622E+00
 42  4 1.640  0.30  0.6996183E+00  0.6309007E+00
 42  5 1.640  0.40  0.7104316E+00  0.6138490E+00
 42  6 1.640  0.50  0.7241950E+00  0.5966130E+00
 42  7 1.640  0.60  0.7407885E+00  0.5786405E+00
 42  8 1.640  0.70  0.7600490E+00  0.5593241E+00
 42  9 1.640  0.80  0.7817600E+00  0.5380096E+00
 42 10 1.640  0.90  0.8056402E+00  0.5140041E+00
 42 11 1.640  1.00  0.8313291E+00  0.4865913E+00

 43  1 1.680  0.00  0.6822345E+00  0.6822345E+00
 43  2 1.680  0.10  0.6837426E+00  0.6634722E+00
 43  3 1.680  0.20  0.6882576E+00  0.6457400E+00
 43  4 1.680  0.30  0.6957501E+00  0.6286879E+00
 43  5 1.680  0.40  0.7061684E+00  0.6119061E+00
 43  6 1.680  0.50  0.7194345E+00  0.5949270E+00
 43  7 1.680  0.60  0.7354383E+00  0.5772272E+00
 43  8 1.680  0.70  0.7540303E+00  0.5582312E+00
 43  9 1.680  0.80  0.7750129E+00  0.5373177E+00
 43 10 1.680  0.90  0.7981294E+00  0.5138279E+00
 43 11 1.680  1.00  0.8230520E+00  0.4870786E+00

 44  1 1.720  0.00  0.6788653E+00  0.6788653E+00
 44  2 1.720  0.10  0.6803192E+00  0.6605425E+00
 44  3 1.720  0.20  0.6846721E+00  0.6431777E+00
 44  4 1.720  0.30  0.6918969E+00  0.6264402E+00
 44  5 1.720  0.40  0.7019457E+00  0.6099418E+00
 44  6 1.720  0.50  0.7147465E+00  0.5932395E+00
 44  7 1.720  0.60  0.7301980E+00  0.5758375E+00
 44  8 1.720  0.70  0.7481629E+00  0.5571900E+00
 44  9 1.720  0.80  0.7684604E+00  0.5367070E+00
 44 10 1.720  0.90  0.7908559E+00  0.5137620E+00
 44 11 1.720  1.00  0.8150507E+00  0.4877035E+00

 45  1 1.760  0.00  0.6754823E+00  0.6754823E+00
 45  2 1.760  0.10  0.6768854E+00  0.6575835E+00
 45  3 1.760  0.20  0.6810865E+00  0.6405810E+00
 45  4 1.760  0.30  0.6880606E+00  0.6241612E+00
 45  5 1.760  0.40  0.6977631E+00  0.6079568E+00
 45  6 1.760  0.50  0.7101277E+00  0.5915479E+00
 45  7 1.760  0.60  0.7250607E+00  0.5744641E+00
 45  8 1.760  0.70  0.7424362E+00  0.5561880E+00
 45  9 1.760  0.80  0.7620879E+00  0.5361592E+00
 45 10 1.760  0.90  0.7838015E+00  0.5137818E+00
 45 11 1.760  1.00  0.8073040E+00  0.4884347E+00

 46  1 1.800  0.00  0.6720908E+00  0.6720908E+00
 46  2 1.800  0.10  0.6734463E+00  0.6546013E+00
 46  3 1.800  0.20  0.6775051E+00  0.6379551E+00
 46  4 1.800  0.30  0.6842437E+00  0.6218551E+00
 46  5 1.800  0.40  0.6936212E+00  0.6059528E+00
 46  6 1.800  0.50  0.7055758E+00  0.5898503E+00
 46  7 1.800  0.60  0.7200212E+00  0.5731015E+00
 46  8 1.800  0.70  0.7368414E+00  0.5552152E+00
 46  9 1.800  0.80  0.7558836E+00  0.5356593E+00
 46 10 1.800  0.90  0.7769511E+00  0.5138670E+00
 46 11 1.800  1.00  0.7997943E+00  0.4892461E+00

 47  1 1.840  0.00  0.6686952E+00  0.6686952E+00
 47  2 1.840  0.10  0.6700058E+00  0.6516008E+00
 47  3 1.840  0.20  0.6739307E+00  0.6353046E+00
 47  4 1.840  0.30  0.6804480E+00  0.6195248E+00
 47  5 1.840  0.40  0.6895195E+00  0.6039308E+00
 47  6 1.840  0.50  0.7010882E+00  0.5881451E+00
 47  7 1.840  0.60  0.7150742E+00  0.5717446E+00
 47  8 1.840  0.70  0.7313703E+00  0.5542630E+00
 47  9 1.840  0.80  0.7498360E+00  0.5351946E+00
 47 10 1.840  0.90  0.7702907E+00  0.5140007E+00
 47 11 1.840  1.00  0.7925053E+00  0.4901163E+00

 48  1 1.880  0.00  0.6652995E+00  0.6652995E+00
 48  2 1.880  0.10  0.6665680E+00  0.6485867E+00
 48  3 1.880  0.20  0.6703667E+00  0.6326340E+00
 48  4 1.880  0.30  0.6766754E+00  0.6171739E+00
 48  5 1.880  0.40  0.6854586E+00  0.6018927E+00
 48  6 1.880  0.50  0.6966633E+00  0.5864320E+00
 48  7 1.880  0.60  0.7102156E+00  0.5703901E+00
 48  8 1.880  0.70  0.7260164E+00  0.5533246E+00
 48  9 1.880  0.80  0.7439361E+00  0.5347549E+00
 48 10 1.880  0.90  0.7638083E+00  0.5141683E+00
 48 11 1.880  1.00  0.7854230E+00  0.4910268E+00

 49  1 1.920  0.00  0.6619074E+00  0.6619074E+00
 49  2 1.920  0.10  0.6631361E+00  0.6455632E+00
 49  3 1.920  0.20  0.6668158E+00  0.6299473E+00
 49  4 1.920  0.30  0.6729276E+00  0.6148055E+00
 49  5 1.920  0.40  0.6814386E+00  0.5998399E+00
 49  6 1.920  0.50  0.6922994E+00  0.5847103E+00
 49  7 1.920  0.60  0.7054416E+00  0.5690352E+00
 49  8 1.920  0.70  0.7207734E+00  0.5523943E+00
 49  9 1.920  0.80  0.7381750E+00  0.5343313E+00
 49 10 1.920  0.90  0.7574933E+00  0.5143582E+00
 49 11 1.920  1.00  0.7785348E+00  0.4919624E+00

 50  1 1.960  0.00  0.6585221E+00  0.6585221E+00
 50  2 1.960  0.10  0.6597130E+00  0.6425340E+00
 50  3 1.960  0.20  0.6632802E+00  0.6272480E+00
 50  4 1.960  0.30  0.6692061E+00  0.6124225E+00
 50  5 1.960  0.40  0.6774596E+00  0.5977741E+00
 50  6 1.960  0.50  0.6879951E+00  0.5829799E+00
 50  7 1.960  0.60  0.7007489E+00  0.5676776E+00
 50  8 1.960  0.70  0.7156359E+00  0.5514678E+00
 50  9 1.960  0.80  0.7325454E+00  0.5339167E+00
 50 10 1.960  0.90  0.7513361E+00  0.5145605E+00
 50 11 1.960  1.00  0.7718295E+00  0.4929105E+00

 51  1 2.000  0.00  0.6551466E+00  0.6551466E+00
 51  2 2.000  0.10  0.6563020E+00  0.6395028E+00
 51  3 2.000  0.20  0.6597627E+00  0.6245398E+00
 51  4 2.000  0.30  0.6655123E+00  0.6100277E+00
 51  5 2.000  0.40  0.6735221E+00  0.5956973E+00
 51  6 2.000  0.50  0.6837493E+00  0.5812414E+00
 51  7 2.000  0.60  0.6961346E+00  0.5663158E+00
 51  8 2.000  0.70  0.7105994E+00  0.5505412E+00
 51  9 2.000  0.80  0.7270409E+00  0.5335054E+00
 51 10 2.000  0.90  0.7453282E+00  0.5147669E+00
 51 11 2.000  1.00  0.7652969E+00  0.4938603E+00

