1    1 0.0000 0.0000   0.100000E+01
1    2 0.0000 0.0400   0.100000E+01
1    3 0.0000 0.0800   0.100000E+01
1    4 0.0000 0.1200   0.100000E+01
1    5 0.0000 0.1600   0.100000E+01
1    6 0.0000 0.2000   0.100000E+01
1    7 0.0000 0.2400   0.100000E+01
1    8 0.0000 0.2800   0.100000E+01
1    9 0.0000 0.3200   0.100000E+01
1   10 0.0000 0.3600   0.100000E+01
1   11 0.0000 0.4000   0.100000E+01
1   12 0.0000 0.4400   0.100000E+01
1   13 0.0000 0.4800   0.100000E+01
1   14 0.0000 0.5200   0.100000E+01
1   15 0.0000 0.5600   0.100000E+01
1   16 0.0000 0.6000   0.100000E+01
1   17 0.0000 0.6400   0.100000E+01
1   18 0.0000 0.6800   0.100000E+01
1   19 0.0000 0.7200   0.100000E+01
1   20 0.0000 0.7600   0.100000E+01
1   21 0.0000 0.8000   0.100000E+01
1   22 0.0000 0.8400   0.100000E+01
1   23 0.0000 0.8800   0.100000E+01
1   24 0.0000 0.9200   0.100000E+01
1   25 0.0000 0.9600   0.100000E+01
1   26 0.0000 1.0000   0.100000E+01
2    1 0.0160 0.0000   0.100000E+01
2    2 0.0160 0.0400   0.100003E+01
2    3 0.0160 0.0800   0.100005E+01
2    4 0.0160 0.1200   0.100008E+01
2    5 0.0160 0.1600   0.100010E+01
2    6 0.0160 0.2000   0.100013E+01
2    7 0.0160 0.2400   0.100015E+01
2    8 0.0160 0.2800   0.100018E+01
2    9 0.0160 0.3200   0.100020E+01
2   10 0.0160 0.3600   0.100023E+01
2   11 0.0160 0.4000   0.100025E+01
2   12 0.0160 0.4400   0.100028E+01
2   13 0.0160 0.4800   0.100030E+01
2   14 0.0160 0.5200   0.100033E+01
2   15 0.0160 0.5600   0.100035E+01
2   16 0.0160 0.6000   0.100038E+01
2   17 0.0160 0.6400   0.100040E+01
2   18 0.0160 0.6800   0.100043E+01
2   19 0.0160 0.7200   0.100046E+01
2   20 0.0160 0.7600   0.100048E+01
2   21 0.0160 0.8000   0.100051E+01
2   22 0.0160 0.8400   0.100053E+01
2   23 0.0160 0.8800   0.100056E+01
2   24 0.0160 0.9200   0.100058E+01
2   25 0.0160 0.9600   0.100061E+01
2   26 0.0160 1.0000   0.100063E+01
3    1 0.0320 0.0000   0.100000E+01
3    2 0.0320 0.0400   0.100010E+01
3    3 0.0320 0.0800   0.100020E+01
3    4 0.0320 0.1200   0.100030E+01
3    5 0.0320 0.1600   0.100040E+01
3    6 0.0320 0.2000   0.100051E+01
3    7 0.0320 0.2400   0.100061E+01
3    8 0.0320 0.2800   0.100071E+01
3    9 0.0320 0.3200   0.100081E+01
3   10 0.0320 0.3600   0.100091E+01
3   11 0.0320 0.4000   0.100101E+01
3   12 0.0320 0.4400   0.100111E+01
3   13 0.0320 0.4800   0.100121E+01
3   14 0.0320 0.5200   0.100132E+01
3   15 0.0320 0.5600   0.100142E+01
3   16 0.0320 0.6000   0.100152E+01
3   17 0.0320 0.6400   0.100162E+01
3   18 0.0320 0.6800   0.100172E+01
3   19 0.0320 0.7200   0.100182E+01
3   20 0.0320 0.7600   0.100192E+01
3   21 0.0320 0.8000   0.100203E+01
3   22 0.0320 0.8400   0.100213E+01
3   23 0.0320 0.8800   0.100223E+01
3   24 0.0320 0.9200   0.100233E+01
3   25 0.0320 0.9600   0.100243E+01
3   26 0.0320 1.0000   0.100253E+01
4    1 0.0480 0.0000   0.100000E+01
4    2 0.0480 0.0400   0.100023E+01
4    3 0.0480 0.0800   0.100046E+01
4    4 0.0480 0.1200   0.100068E+01
4    5 0.0480 0.1600   0.100091E+01
4    6 0.0480 0.2000   0.100114E+01
4    7 0.0480 0.2400   0.100137E+01
4    8 0.0480 0.2800   0.100159E+01
4    9 0.0480 0.3200   0.100182E+01
4   10 0.0480 0.3600   0.100205E+01
4   11 0.0480 0.4000   0.100228E+01
4   12 0.0480 0.4400   0.100251E+01
4   13 0.0480 0.4800   0.100274E+01
4   14 0.0480 0.5200   0.100297E+01
4   15 0.0480 0.5600   0.100320E+01
4   16 0.0480 0.6000   0.100342E+01
4   17 0.0480 0.6400   0.100365E+01
4   18 0.0480 0.6800   0.100388E+01
4   19 0.0480 0.7200   0.100411E+01
4   20 0.0480 0.7600   0.100434E+01
4   21 0.0480 0.8000   0.100457E+01
4   22 0.0480 0.8400   0.100480E+01
4   23 0.0480 0.8800   0.100503E+01
4   24 0.0480 0.9200   0.100526E+01
4   25 0.0480 0.9600   0.100549E+01
4   26 0.0480 1.0000   0.100572E+01
5    1 0.0640 0.0000   0.100000E+01
5    2 0.0640 0.0400   0.100040E+01
5    3 0.0640 0.0800   0.100081E+01
5    4 0.0640 0.1200   0.100121E+01
5    5 0.0640 0.1600   0.100162E+01
5    6 0.0640 0.2000   0.100203E+01
5    7 0.0640 0.2400   0.100243E+01
5    8 0.0640 0.2800   0.100284E+01
5    9 0.0640 0.3200   0.100325E+01
5   10 0.0640 0.3600   0.100365E+01
5   11 0.0640 0.4000   0.100406E+01
5   12 0.0640 0.4400   0.100447E+01
5   13 0.0640 0.4800   0.100488E+01
5   14 0.0640 0.5200   0.100529E+01
5   15 0.0640 0.5600   0.100570E+01
5   16 0.0640 0.6000   0.100611E+01
5   17 0.0640 0.6400   0.100652E+01
5   18 0.0640 0.6800   0.100693E+01
5   19 0.0640 0.7200   0.100734E+01
5   20 0.0640 0.7600   0.100775E+01
5   21 0.0640 0.8000   0.100816E+01
5   22 0.0640 0.8400   0.100857E+01
5   23 0.0640 0.8800   0.100899E+01
5   24 0.0640 0.9200   0.100940E+01
5   25 0.0640 0.9600   0.100981E+01
5   26 0.0640 1.0000   0.101023E+01
6    1 0.0800 0.0000   0.100000E+01
6    2 0.0800 0.0400   0.100063E+01
6    3 0.0800 0.0800   0.100127E+01
6    4 0.0800 0.1200   0.100190E+01
6    5 0.0800 0.1600   0.100253E+01
6    6 0.0800 0.2000   0.100317E+01
6    7 0.0800 0.2400   0.100381E+01
6    8 0.0800 0.2800   0.100444E+01
6    9 0.0800 0.3200   0.100508E+01
6   10 0.0800 0.3600   0.100572E+01
6   11 0.0800 0.4000   0.100636E+01
6   12 0.0800 0.4400   0.100701E+01
6   13 0.0800 0.4800   0.100765E+01
6   14 0.0800 0.5200   0.100829E+01
6   15 0.0800 0.5600   0.100894E+01
6   16 0.0800 0.6000   0.100958E+01
6   17 0.0800 0.6400   0.101023E+01
6   18 0.0800 0.6800   0.101087E+01
6   19 0.0800 0.7200   0.101152E+01
6   20 0.0800 0.7600   0.101217E+01
6   21 0.0800 0.8000   0.101282E+01
6   22 0.0800 0.8400   0.101347E+01
6   23 0.0800 0.8800   0.101413E+01
6   24 0.0800 0.9200   0.101478E+01
6   25 0.0800 0.9600   0.101543E+01
6   26 0.0800 1.0000   0.101609E+01
7    1 0.0960 0.0000   0.100000E+01
7    2 0.0960 0.0400   0.100091E+01
7    3 0.0960 0.0800   0.100182E+01
7    4 0.0960 0.1200   0.100274E+01
7    5 0.0960 0.1600   0.100365E+01
7    6 0.0960 0.2000   0.100457E+01
7    7 0.0960 0.2400   0.100549E+01
7    8 0.0960 0.2800   0.100641E+01
7    9 0.0960 0.3200   0.100734E+01
7   10 0.0960 0.3600   0.100827E+01
7   11 0.0960 0.4000   0.100919E+01
7   12 0.0960 0.4400   0.101012E+01
7   13 0.0960 0.4800   0.101106E+01
7   14 0.0960 0.5200   0.101199E+01
7   15 0.0960 0.5600   0.101293E+01
7   16 0.0960 0.6000   0.101386E+01
7   17 0.0960 0.6400   0.101481E+01
7   18 0.0960 0.6800   0.101575E+01
7   19 0.0960 0.7200   0.101669E+01
7   20 0.0960 0.7600   0.101764E+01
7   21 0.0960 0.8000   0.101859E+01
7   22 0.0960 0.8400   0.101954E+01
7   23 0.0960 0.8800   0.102049E+01
7   24 0.0960 0.9200   0.102145E+01
7   25 0.0960 0.9600   0.102240E+01
7   26 0.0960 1.0000   0.102336E+01
8    1 0.1120 0.0000   0.100000E+01
8    2 0.1120 0.0400   0.100124E+01
8    3 0.1120 0.0800   0.100248E+01
8    4 0.1120 0.1200   0.100373E+01
8    5 0.1120 0.1600   0.100498E+01
8    6 0.1120 0.2000   0.100624E+01
8    7 0.1120 0.2400   0.100749E+01
8    8 0.1120 0.2800   0.100875E+01
8    9 0.1120 0.3200   0.101002E+01
8   10 0.1120 0.3600   0.101129E+01
8   11 0.1120 0.4000   0.101256E+01
8   12 0.1120 0.4400   0.101384E+01
8   13 0.1120 0.4800   0.101512E+01
8   14 0.1120 0.5200   0.101640E+01
8   15 0.1120 0.5600   0.101769E+01
8   16 0.1120 0.6000   0.101898E+01
8   17 0.1120 0.6400   0.102028E+01
8   18 0.1120 0.6800   0.102158E+01
8   19 0.1120 0.7200   0.102288E+01
8   20 0.1120 0.7600   0.102419E+01
8   21 0.1120 0.8000   0.102550E+01
8   22 0.1120 0.8400   0.102682E+01
8   23 0.1120 0.8800   0.102813E+01
8   24 0.1120 0.9200   0.102946E+01
8   25 0.1120 0.9600   0.103079E+01
8   26 0.1120 1.0000   0.103212E+01
9    1 0.1280 0.0000   0.100000E+01
9    2 0.1280 0.0400   0.100162E+01
9    3 0.1280 0.0800   0.100325E+01
9    4 0.1280 0.1200   0.100488E+01
9    5 0.1280 0.1600   0.100652E+01
9    6 0.1280 0.2000   0.100816E+01
9    7 0.1280 0.2400   0.100981E+01
9    8 0.1280 0.2800   0.101147E+01
9    9 0.1280 0.3200   0.101313E+01
9   10 0.1280 0.3600   0.101481E+01
9   11 0.1280 0.4000   0.101648E+01
9   12 0.1280 0.4400   0.101817E+01
9   13 0.1280 0.4800   0.101986E+01
9   14 0.1280 0.5200   0.102155E+01
9   15 0.1280 0.5600   0.102325E+01
9   16 0.1280 0.6000   0.102496E+01
9   17 0.1280 0.6400   0.102668E+01
9   18 0.1280 0.6800   0.102840E+01
9   19 0.1280 0.7200   0.103013E+01
9   20 0.1280 0.7600   0.103187E+01
9   21 0.1280 0.8000   0.103362E+01
9   22 0.1280 0.8400   0.103537E+01
9   23 0.1280 0.8800   0.103712E+01
9   24 0.1280 0.9200   0.103889E+01
9   25 0.1280 0.9600   0.104066E+01
9   26 0.1280 1.0000   0.104244E+01
10    1 0.1440 0.0000   0.100000E+01
10    2 0.1440 0.0400   0.100205E+01
10    3 0.1440 0.0800   0.100411E+01
10    4 0.1440 0.1200   0.100618E+01
10    5 0.1440 0.1600   0.100827E+01
10    6 0.1440 0.2000   0.101036E+01
10    7 0.1440 0.2400   0.101246E+01
10    8 0.1440 0.2800   0.101457E+01
10    9 0.1440 0.3200   0.101669E+01
10   10 0.1440 0.3600   0.101882E+01
10   11 0.1440 0.4000   0.102097E+01
10   12 0.1440 0.4400   0.102312E+01
10   13 0.1440 0.4800   0.102529E+01
10   14 0.1440 0.5200   0.102746E+01
10   15 0.1440 0.5600   0.102965E+01
10   16 0.1440 0.6000   0.103184E+01
10   17 0.1440 0.6400   0.103405E+01
10   18 0.1440 0.6800   0.103627E+01
10   19 0.1440 0.7200   0.103850E+01
10   20 0.1440 0.7600   0.104074E+01
10   21 0.1440 0.8000   0.104300E+01
10   22 0.1440 0.8400   0.104526E+01
10   23 0.1440 0.8800   0.104754E+01
10   24 0.1440 0.9200   0.104983E+01
10   25 0.1440 0.9600   0.105213E+01
10   26 0.1440 1.0000   0.105444E+01
11    1 0.1600 0.0000   0.100000E+01
11    2 0.1600 0.0400   0.100253E+01
11    3 0.1600 0.0800   0.100508E+01
11    4 0.1600 0.1200   0.100765E+01
11    5 0.1600 0.1600   0.101023E+01
11    6 0.1600 0.2000   0.101282E+01
11    7 0.1600 0.2400   0.101543E+01
11    8 0.1600 0.2800   0.101806E+01
11    9 0.1600 0.3200   0.102070E+01
11   10 0.1600 0.3600   0.102336E+01
11   11 0.1600 0.4000   0.102604E+01
11   12 0.1600 0.4400   0.102873E+01
11   13 0.1600 0.4800   0.103144E+01
11   14 0.1600 0.5200   0.103416E+01
11   15 0.1600 0.5600   0.103690E+01
11   16 0.1600 0.6000   0.103966E+01
11   17 0.1600 0.6400   0.104244E+01
11   18 0.1600 0.6800   0.104524E+01
11   19 0.1600 0.7200   0.104805E+01
11   20 0.1600 0.7600   0.105088E+01
11   21 0.1600 0.8000   0.105373E+01
11   22 0.1600 0.8400   0.105659E+01
11   23 0.1600 0.8800   0.105948E+01
11   24 0.1600 0.9200   0.106238E+01
11   25 0.1600 0.9600   0.106531E+01
11   26 0.1600 1.0000   0.106825E+01
12    1 0.1760 0.0000   0.100000E+01
12    2 0.1760 0.0400   0.100307E+01
12    3 0.1760 0.0800   0.100616E+01
12    4 0.1760 0.1200   0.100927E+01
12    5 0.1760 0.1600   0.101241E+01
12    6 0.1760 0.2000   0.101556E+01
12    7 0.1760 0.2400   0.101875E+01
12    8 0.1760 0.2800   0.102195E+01
12    9 0.1760 0.3200   0.102518E+01
12   10 0.1760 0.3600   0.102843E+01
12   11 0.1760 0.4000   0.103171E+01
12   12 0.1760 0.4400   0.103501E+01
12   13 0.1760 0.4800   0.103834E+01
12   14 0.1760 0.5200   0.104169E+01
12   15 0.1760 0.5600   0.104507E+01
12   16 0.1760 0.6000   0.104847E+01
12   17 0.1760 0.6400   0.105190E+01
12   18 0.1760 0.6800   0.105536E+01
12   19 0.1760 0.7200   0.105884E+01
12   20 0.1760 0.7600   0.106235E+01
12   21 0.1760 0.8000   0.106589E+01
12   22 0.1760 0.8400   0.106946E+01
12   23 0.1760 0.8800   0.107306E+01
12   24 0.1760 0.9200   0.107668E+01
12   25 0.1760 0.9600   0.108033E+01
12   26 0.1760 1.0000   0.108402E+01
13    1 0.1920 0.0000   0.100000E+01
13    2 0.1920 0.0400   0.100365E+01
13    3 0.1920 0.0800   0.100734E+01
13    4 0.1920 0.1200   0.101106E+01
13    5 0.1920 0.1600   0.101481E+01
13    6 0.1920 0.2000   0.101859E+01
13    7 0.1920 0.2400   0.102240E+01
13    8 0.1920 0.2800   0.102625E+01
13    9 0.1920 0.3200   0.103013E+01
13   10 0.1920 0.3600   0.103405E+01
13   11 0.1920 0.4000   0.103801E+01
13   12 0.1920 0.4400   0.104200E+01
13   13 0.1920 0.4800   0.104602E+01
13   14 0.1920 0.5200   0.105008E+01
13   15 0.1920 0.5600   0.105418E+01
13   16 0.1920 0.6000   0.105832E+01
13   17 0.1920 0.6400   0.106250E+01
13   18 0.1920 0.6800   0.106672E+01
13   19 0.1920 0.7200   0.107097E+01
13   20 0.1920 0.7600   0.107527E+01
13   21 0.1920 0.8000   0.107961E+01
13   22 0.1920 0.8400   0.108399E+01
13   23 0.1920 0.8800   0.108841E+01
13   24 0.1920 0.9200   0.109288E+01
13   25 0.1920 0.9600   0.109739E+01
13   26 0.1920 1.0000   0.110194E+01
14    1 0.2080 0.0000   0.100000E+01
14    2 0.2080 0.0400   0.100429E+01
14    3 0.2080 0.0800   0.100863E+01
14    4 0.2080 0.1200   0.101300E+01
14    5 0.2080 0.1600   0.101743E+01
14    6 0.2080 0.2000   0.102190E+01
14    7 0.2080 0.2400   0.102641E+01
14    8 0.2080 0.2800   0.103098E+01
14    9 0.2080 0.3200   0.103559E+01
14   10 0.2080 0.3600   0.104025E+01
14   11 0.2080 0.4000   0.104496E+01
14   12 0.2080 0.4400   0.104972E+01
14   13 0.2080 0.4800   0.105453E+01
14   14 0.2080 0.5200   0.105939E+01
14   15 0.2080 0.5600   0.106431E+01
14   16 0.2080 0.6000   0.106928E+01
14   17 0.2080 0.6400   0.107431E+01
14   18 0.2080 0.6800   0.107940E+01
14   19 0.2080 0.7200   0.108454E+01
14   20 0.2080 0.7600   0.108974E+01
14   21 0.2080 0.8000   0.109500E+01
14   22 0.2080 0.8400   0.110033E+01
14   23 0.2080 0.8800   0.110571E+01
14   24 0.2080 0.9200   0.111116E+01
14   25 0.2080 0.9600   0.111668E+01
14   26 0.2080 1.0000   0.112226E+01
15    1 0.2240 0.0000   0.100000E+01
15    2 0.2240 0.0400   0.100498E+01
15    3 0.2240 0.0800   0.101002E+01
15    4 0.2240 0.1200   0.101512E+01
15    5 0.2240 0.1600   0.102028E+01
15    6 0.2240 0.2000   0.102550E+01
15    7 0.2240 0.2400   0.103079E+01
15    8 0.2240 0.2800   0.103613E+01
15    9 0.2240 0.3200   0.104155E+01
15   10 0.2240 0.3600   0.104703E+01
15   11 0.2240 0.4000   0.105258E+01
15   12 0.2240 0.4400   0.105821E+01
15   13 0.2240 0.4800   0.106390E+01
15   14 0.2240 0.5200   0.106967E+01
15   15 0.2240 0.5600   0.107551E+01
15   16 0.2240 0.6000   0.108143E+01
15   17 0.2240 0.6400   0.108742E+01
15   18 0.2240 0.6800   0.109350E+01
15   19 0.2240 0.7200   0.109966E+01
15   20 0.2240 0.7600   0.110590E+01
15   21 0.2240 0.8000   0.111223E+01
15   22 0.2240 0.8400   0.111865E+01
15   23 0.2240 0.8800   0.112516E+01
15   24 0.2240 0.9200   0.113176E+01
15   25 0.2240 0.9600   0.113845E+01
15   26 0.2240 1.0000   0.114524E+01
16    1 0.2400 0.0000   0.100000E+01
16    2 0.2400 0.0400   0.100572E+01
16    3 0.2400 0.0800   0.101152E+01
16    4 0.2400 0.1200   0.101740E+01
16    5 0.2400 0.1600   0.102336E+01
16    6 0.2400 0.2000   0.102940E+01
16    7 0.2400 0.2400   0.103553E+01
16    8 0.2400 0.2800   0.104174E+01
16    9 0.2400 0.3200   0.104805E+01
16   10 0.2400 0.3600   0.105444E+01
16   11 0.2400 0.4000   0.106093E+01
16   12 0.2400 0.4400   0.106751E+01
16   13 0.2400 0.4800   0.107419E+01
16   14 0.2400 0.5200   0.108097E+01
16   15 0.2400 0.5600   0.108786E+01
16   16 0.2400 0.6000   0.109485E+01
16   17 0.2400 0.6400   0.110194E+01
16   18 0.2400 0.6800   0.110915E+01
16   19 0.2400 0.7200   0.111648E+01
16   20 0.2400 0.7600   0.112392E+01
16   21 0.2400 0.8000   0.113148E+01
16   22 0.2400 0.8400   0.113917E+01
16   23 0.2400 0.8800   0.114699E+01
16   24 0.2400 0.9200   0.115494E+01
16   25 0.2400 0.9600   0.116302E+01
16   26 0.2400 1.0000   0.117124E+01
17    1 0.2560 0.0000   0.100000E+01
17    2 0.2560 0.0400   0.100652E+01
17    3 0.2560 0.0800   0.101313E+01
17    4 0.2560 0.1200   0.101986E+01
17    5 0.2560 0.1600   0.102668E+01
17    6 0.2560 0.2000   0.103362E+01
17    7 0.2560 0.2400   0.104066E+01
17    8 0.2560 0.2800   0.104782E+01
17    9 0.2560 0.3200   0.105510E+01
17   10 0.2560 0.3600   0.106250E+01
17   11 0.2560 0.4000   0.107002E+01
17   12 0.2560 0.4400   0.107767E+01
17   13 0.2560 0.4800   0.108546E+01
17   14 0.2560 0.5200   0.109338E+01
17   15 0.2560 0.5600   0.110144E+01
17   16 0.2560 0.6000   0.110964E+01
17   17 0.2560 0.6400   0.111799E+01
17   18 0.2560 0.6800   0.112650E+01
17   19 0.2560 0.7200   0.113516E+01
17   20 0.2560 0.7600   0.114399E+01
17   21 0.2560 0.8000   0.115298E+01
17   22 0.2560 0.8400   0.116215E+01
17   23 0.2560 0.8800   0.117150E+01
17   24 0.2560 0.9200   0.118103E+01
17   25 0.2560 0.9600   0.119076E+01
17   26 0.2560 1.0000   0.120068E+01
18    1 0.2720 0.0000   0.100000E+01
18    2 0.2720 0.0400   0.100736E+01
18    3 0.2720 0.0800   0.101486E+01
18    4 0.2720 0.1200   0.102248E+01
18    5 0.2720 0.1600   0.103024E+01
18    6 0.2720 0.2000   0.103814E+01
18    7 0.2720 0.2400   0.104619E+01
18    8 0.2720 0.2800   0.105438E+01
18    9 0.2720 0.3200   0.106273E+01
18   10 0.2720 0.3600   0.107124E+01
18   11 0.2720 0.4000   0.107991E+01
18   12 0.2720 0.4400   0.108875E+01
18   13 0.2720 0.4800   0.109777E+01
18   14 0.2720 0.5200   0.110696E+01
18   15 0.2720 0.5600   0.111635E+01
18   16 0.2720 0.6000   0.112593E+01
18   17 0.2720 0.6400   0.113571E+01
18   18 0.2720 0.6800   0.114569E+01
18   19 0.2720 0.7200   0.115590E+01
18   20 0.2720 0.7600   0.116633E+01
18   21 0.2720 0.8000   0.117699E+01
18   22 0.2720 0.8400   0.118789E+01
18   23 0.2720 0.8800   0.119904E+01
18   24 0.2720 0.9200   0.121046E+01
18   25 0.2720 0.9600   0.122214E+01
18   26 0.2720 1.0000   0.123411E+01
19    1 0.2880 0.0000   0.100000E+01
19    2 0.2880 0.0400   0.100827E+01
19    3 0.2880 0.0800   0.101669E+01
19    4 0.2880 0.1200   0.102529E+01
19    5 0.2880 0.1600   0.103405E+01
19    6 0.2880 0.2000   0.104300E+01
19    7 0.2880 0.2400   0.105213E+01
19    8 0.2880 0.2800   0.106145E+01
19    9 0.2880 0.3200   0.107097E+01
19   10 0.2880 0.3600   0.108070E+01
19   11 0.2880 0.4000   0.109064E+01
19   12 0.2880 0.4400   0.110080E+01
19   13 0.2880 0.4800   0.111119E+01
19   14 0.2880 0.5200   0.112183E+01
19   15 0.2880 0.5600   0.113271E+01
19   16 0.2880 0.6000   0.114385E+01
19   17 0.2880 0.6400   0.115526E+01
19   18 0.2880 0.6800   0.116695E+01
19   19 0.2880 0.7200   0.117893E+01
19   20 0.2880 0.7600   0.119122E+01
19   21 0.2880 0.8000   0.120383E+01
19   22 0.2880 0.8400   0.121677E+01
19   23 0.2880 0.8800   0.123006E+01
19   24 0.2880 0.9200   0.124372E+01
19   25 0.2880 0.9600   0.125776E+01
19   26 0.2880 1.0000   0.127220E+01
20    1 0.3040 0.0000   0.100000E+01
20    2 0.3040 0.0400   0.100922E+01
20    3 0.3040 0.0800   0.101864E+01
20    4 0.3040 0.1200   0.102827E+01
20    5 0.3040 0.1600   0.103812E+01
20    6 0.3040 0.2000   0.104819E+01
20    7 0.3040 0.2400   0.105850E+01
20    8 0.3040 0.2800   0.106905E+01
20    9 0.3040 0.3200   0.107985E+01
20   10 0.3040 0.3600   0.109092E+01
20   11 0.3040 0.4000   0.110226E+01
20   12 0.3040 0.4400   0.111389E+01
20   13 0.3040 0.4800   0.112583E+01
20   14 0.3040 0.5200   0.113807E+01
20   15 0.3040 0.5600   0.115064E+01
20   16 0.3040 0.6000   0.116356E+01
20   17 0.3040 0.6400   0.117684E+01
20   18 0.3040 0.6800   0.119049E+01
20   19 0.3040 0.7200   0.120454E+01
20   20 0.3040 0.7600   0.121900E+01
20   21 0.3040 0.8000   0.123390E+01
20   22 0.3040 0.8400   0.124926E+01
20   23 0.3040 0.8800   0.126511E+01
20   24 0.3040 0.9200   0.128146E+01
20   25 0.3040 0.9600   0.129836E+01
20   26 0.3040 1.0000   0.131582E+01
21    1 0.3200 0.0000   0.100000E+01
21    2 0.3200 0.0400   0.101023E+01
21    3 0.3200 0.0800   0.102070E+01
21    4 0.3200 0.1200   0.103144E+01
21    5 0.3200 0.1600   0.104244E+01
21    6 0.3200 0.2000   0.105373E+01
21    7 0.3200 0.2400   0.106531E+01
21    8 0.3200 0.2800   0.107719E+01
21    9 0.3200 0.3200   0.108940E+01
21   10 0.3200 0.3600   0.110194E+01
21   11 0.3200 0.4000   0.111484E+01
21   12 0.3200 0.4400   0.112811E+01
21   13 0.3200 0.4800   0.114176E+01
21   14 0.3200 0.5200   0.115583E+01
21   15 0.3200 0.5600   0.117032E+01
21   16 0.3200 0.6000   0.118526E+01
21   17 0.3200 0.6400   0.120068E+01
21   18 0.3200 0.6800   0.121661E+01
21   19 0.3200 0.7200   0.123306E+01
21   20 0.3200 0.7600   0.125008E+01
21   21 0.3200 0.8000   0.126770E+01
21   22 0.3200 0.8400   0.128595E+01
21   23 0.3200 0.8800   0.130487E+01
21   24 0.3200 0.9200   0.132450E+01
21   25 0.3200 0.9600   0.134490E+01
21   26 0.3200 1.0000   0.136612E+01
22    1 0.3360 0.0000   0.100000E+01
22    2 0.3360 0.0400   0.101129E+01
22    3 0.3360 0.0800   0.102288E+01
22    4 0.3360 0.1200   0.103479E+01
22    5 0.3360 0.1600   0.104703E+01
22    6 0.3360 0.2000   0.105962E+01
22    7 0.3360 0.2400   0.107258E+01
22    8 0.3360 0.2800   0.108592E+01
22    9 0.3360 0.3200   0.109966E+01
22   10 0.3360 0.3600   0.111383E+01
22   11 0.3360 0.4000   0.112844E+01
22   12 0.3360 0.4400   0.114353E+01
22   13 0.3360 0.4800   0.115912E+01
22   14 0.3360 0.5200   0.117524E+01
22   15 0.3360 0.5600   0.119191E+01
22   16 0.3360 0.6000   0.120918E+01
22   17 0.3360 0.6400   0.122708E+01
22   18 0.3360 0.6800   0.124565E+01
22   19 0.3360 0.7200   0.126493E+01
22   20 0.3360 0.7600   0.128497E+01
22   21 0.3360 0.8000   0.130583E+01
22   22 0.3360 0.8400   0.132756E+01
22   23 0.3360 0.8800   0.135023E+01
22   24 0.3360 0.9200   0.137391E+01
22   25 0.3360 0.9600   0.139867E+01
22   26 0.3360 1.0000   0.142461E+01
23    1 0.3520 0.0000   0.100000E+01
23    2 0.3520 0.0400   0.101241E+01
23    3 0.3520 0.0800   0.102518E+01
23    4 0.3520 0.1200   0.103834E+01
23    5 0.3520 0.1600   0.105190E+01
23    6 0.3520 0.2000   0.106589E+01
23    7 0.3520 0.2400   0.108033E+01
23    8 0.3520 0.2800   0.109525E+01
23    9 0.3520 0.3200   0.111067E+01
23   10 0.3520 0.3600   0.112663E+01
23   11 0.3520 0.4000   0.114315E+01
23   12 0.3520 0.4400   0.116027E+01
23   13 0.3520 0.4800   0.117803E+01
23   14 0.3520 0.5200   0.119647E+01
23   15 0.3520 0.5600   0.121564E+01
23   16 0.3520 0.6000   0.123558E+01
23   17 0.3520 0.6400   0.125635E+01
23   18 0.3520 0.6800   0.127802E+01
23   19 0.3520 0.7200   0.130064E+01
23   20 0.3520 0.7600   0.132430E+01
23   21 0.3520 0.8000   0.134908E+01
23   22 0.3520 0.8400   0.137506E+01
23   23 0.3520 0.8800   0.140236E+01
23   24 0.3520 0.9200   0.143109E+01
23   25 0.3520 0.9600   0.146139E+01
23   26 0.3520 1.0000   0.149340E+01
24    1 0.3680 0.0000   0.100000E+01
24    2 0.3680 0.0400   0.101358E+01
24    3 0.3680 0.0800   0.102760E+01
24    4 0.3680 0.1200   0.104208E+01
24    5 0.3680 0.1600   0.105705E+01
24    6 0.3680 0.2000   0.107255E+01
24    7 0.3680 0.2400   0.108860E+01
24    8 0.3680 0.2800   0.110523E+01
24    9 0.3680 0.3200   0.112249E+01
24   10 0.3680 0.3600   0.114041E+01
24   11 0.3680 0.4000   0.115905E+01
24   12 0.3680 0.4400   0.117844E+01
24   13 0.3680 0.4800   0.119865E+01
24   14 0.3680 0.5200   0.121973E+01
24   15 0.3680 0.5600   0.124176E+01
24   16 0.3680 0.6000   0.126479E+01
24   17 0.3680 0.6400   0.128893E+01
24   18 0.3680 0.6800   0.131425E+01
24   19 0.3680 0.7200   0.134086E+01
24   20 0.3680 0.7600   0.136888E+01
24   21 0.3680 0.8000   0.139844E+01
24   22 0.3680 0.8400   0.142969E+01
24   23 0.3680 0.8800   0.146281E+01
24   24 0.3680 0.9200   0.149797E+01
24   25 0.3680 0.9600   0.153543E+01
24   26 0.3680 1.0000   0.157543E+01
25    1 0.3840 0.0000   0.100000E+01
25    2 0.3840 0.0400   0.101481E+01
25    3 0.3840 0.0800   0.103013E+01
25    4 0.3840 0.1200   0.104602E+01
25    5 0.3840 0.1600   0.106250E+01
25    6 0.3840 0.2000   0.107961E+01
25    7 0.3840 0.2400   0.109739E+01
25    8 0.3840 0.2800   0.111589E+01
25    9 0.3840 0.3200   0.113516E+01
25   10 0.3840 0.3600   0.115526E+01
25   11 0.3840 0.4000   0.117624E+01
25   12 0.3840 0.4400   0.119818E+01
25   13 0.3840 0.4800   0.122116E+01
25   14 0.3840 0.5200   0.124526E+01
25   15 0.3840 0.5600   0.127057E+01
25   16 0.3840 0.6000   0.129721E+01
25   17 0.3840 0.6400   0.132530E+01
25   18 0.3840 0.6800   0.135498E+01
25   19 0.3840 0.7200   0.138640E+01
25   20 0.3840 0.7600   0.141976E+01
25   21 0.3840 0.8000   0.145525E+01
25   22 0.3840 0.8400   0.149313E+01
25   23 0.3840 0.8800   0.153367E+01
25   24 0.3840 0.9200   0.157723E+01
25   25 0.3840 0.9600   0.162419E+01
25   26 0.3840 1.0000   0.167504E+01
26    1 0.4000 0.0000   0.100000E+01
26    2 0.4000 0.0400   0.101609E+01
26    3 0.4000 0.0800   0.103280E+01
26    4 0.4000 0.1200   0.105017E+01
26    5 0.4000 0.1600   0.106825E+01
26    6 0.4000 0.2000   0.108709E+01
26    7 0.4000 0.2400   0.110674E+01
26    8 0.4000 0.2800   0.112727E+01
26    9 0.4000 0.3200   0.114874E+01
26   10 0.4000 0.3600   0.117124E+01
26   11 0.4000 0.4000   0.119484E+01
26   12 0.4000 0.4400   0.121965E+01
26   13 0.4000 0.4800   0.124577E+01
26   14 0.4000 0.5200   0.127333E+01
26   15 0.4000 0.5600   0.130246E+01
26   16 0.4000 0.6000   0.133333E+01
26   17 0.4000 0.6400   0.136612E+01
26   18 0.4000 0.6800   0.140103E+01
26   19 0.4000 0.7200   0.143833E+01
26   20 0.4000 0.7600   0.147829E+01
26   21 0.4000 0.8000   0.152127E+01
26   22 0.4000 0.8400   0.156766E+01
26   23 0.4000 0.8800   0.161795E+01
26   24 0.4000 0.9200   0.167274E+01
26   25 0.4000 0.9600   0.173276E+01
26   26 0.4000 1.0000   0.179891E+01
