# getfw vers. 0.4 starts...
#ROWS=   26
#COLS=   26
a/b runs between 0.0  and 1.0, c/W between 0.0 and 0.4
#icow c/W                                     a/B
0.000                                                                                                                                                                                                    1.000
#startaob3,endaob3,dletaaob3 = 0.0000 1.0000 0.0400
#deltacow= 0.0160
#STARTCOW=  0.0000000E+00
#STARTAOB=  0.0000000E+00
1 .000   1.000  1.000  1.000  1.000  1.000  1.000  1.000  1.000  1.000  1.000  1.000  1.000  1.000  1.000  1.000  1.000  1.000  1.000  1.000  1.000  1.000  1.000  1.000  1.000  1.000  1.000
2 .016   1.000  1.000  1.000  1.000  1.000  1.000  1.000  1.000  1.000  1.000  1.000  1.000  1.000  1.000  1.000  1.000  1.000  1.000  1.000  1.000  1.001  1.001  1.001  1.001  1.001  1.001
3 .032   1.000  1.000  1.000  1.000  1.000  1.001  1.001  1.001  1.001  1.001  1.001  1.001  1.001  1.001  1.001  1.002  1.002  1.002  1.002  1.002  1.002  1.002  1.002  1.002  1.002  1.003
4 .048   1.000  1.000  1.000  1.001  1.001  1.001  1.001  1.002  1.002  1.002  1.002  1.003  1.003  1.003  1.003  1.003  1.004  1.004  1.004  1.004  1.005  1.005  1.005  1.005  1.005  1.006
5 .064   1.000  1.000  1.001  1.001  1.002  1.002  1.002  1.003  1.003  1.004  1.004  1.004  1.005  1.005  1.006  1.006  1.007  1.007  1.007  1.008  1.008  1.009  1.009  1.009  1.010  1.010
6 .080   1.000  1.001  1.001  1.002  1.003  1.003  1.004  1.004  1.005  1.006  1.006  1.007  1.008  1.008  1.009  1.010  1.010  1.011  1.012  1.012  1.013  1.013  1.014  1.015  1.015  1.016
7 .096   1.000  1.001  1.002  1.003  1.004  1.005  1.005  1.006  1.007  1.008  1.009  1.010  1.011  1.012  1.013  1.014  1.015  1.016  1.017  1.018  1.019  1.020  1.020  1.021  1.022  1.023
8 .112   1.000  1.001  1.002  1.004  1.005  1.006  1.007  1.009  1.010  1.011  1.013  1.014  1.015  1.016  1.018  1.019  1.020  1.022  1.023  1.024  1.026  1.027  1.028  1.029  1.031  1.032
9 .128   1.000  1.002  1.003  1.005  1.007  1.008  1.010  1.011  1.013  1.015  1.016  1.018  1.020  1.022  1.023  1.025  1.027  1.028  1.030  1.032  1.034  1.035  1.037  1.039  1.041  1.042
10 .144   1.000  1.002  1.004  1.006  1.008  1.010  1.012  1.015  1.017  1.019  1.021  1.023  1.025  1.027  1.030  1.032  1.034  1.036  1.039  1.041  1.043  1.045  1.048  1.050  1.052  1.054
11 .160   1.000  1.003  1.005  1.008  1.010  1.013  1.015  1.018  1.021  1.023  1.026  1.029  1.031  1.034  1.037  1.040  1.042  1.045  1.048  1.051  1.054  1.057  1.059  1.062  1.065  1.068
12 .176   1.000  1.003  1.006  1.009  1.012  1.016  1.019  1.022  1.025  1.028  1.032  1.035  1.038  1.042  1.045  1.048  1.052  1.055  1.059  1.062  1.066  1.069  1.073  1.077  1.080  1.084
13 .192   1.000  1.004  1.007  1.011  1.015  1.019  1.022  1.026  1.030  1.034  1.038  1.042  1.046  1.050  1.054  1.058  1.062  1.067  1.071  1.075  1.080  1.084  1.088  1.093  1.097  1.102
14 .208   1.000  1.004  1.009  1.013  1.017  1.022  1.026  1.031  1.036  1.040  1.045  1.050  1.055  1.059  1.064  1.069  1.074  1.079  1.085  1.090  1.095  1.100  1.106  1.111  1.117  1.122
15 .224   1.000  1.005  1.010  1.015  1.020  1.026  1.031  1.036  1.042  1.047  1.053  1.058  1.064  1.070  1.076  1.081  1.087  1.094  1.100  1.106  1.112  1.119  1.125  1.132  1.138  1.145
16 .240   1.000  1.006  1.012  1.017  1.023  1.029  1.036  1.042  1.048  1.054  1.061  1.068  1.074  1.081  1.088  1.095  1.102  1.109  1.116  1.124  1.131  1.139  1.147  1.155  1.163  1.171
17 .256   1.000  1.007  1.013  1.020  1.027  1.034  1.041  1.048  1.055  1.062  1.070  1.078  1.085  1.093  1.101  1.110  1.118  1.126  1.135  1.144  1.153  1.162  1.171  1.181  1.191  1.201
18 .272   1.000  1.007  1.015  1.022  1.030  1.038  1.046  1.054  1.063  1.071  1.080  1.089  1.098  1.107  1.116  1.126  1.136  1.146  1.156  1.166  1.177  1.188  1.199  1.210  1.222  1.234
19 .288   1.000  1.008  1.017  1.025  1.034  1.043  1.052  1.061  1.071  1.081  1.091  1.101  1.111  1.122  1.133  1.144  1.155  1.167  1.179  1.191  1.204  1.217  1.230  1.244  1.258  1.272
20 .304   1.000  1.009  1.019  1.028  1.038  1.048  1.058  1.069  1.080  1.091  1.102  1.114  1.126  1.138  1.151  1.164  1.177  1.190  1.205  1.219  1.234  1.249  1.265  1.281  1.298  1.316
21 .320   1.000  1.010  1.021  1.031  1.042  1.054  1.065  1.077  1.089  1.102  1.115  1.128  1.142  1.156  1.170  1.185  1.201  1.217  1.233  1.250  1.268  1.286  1.305  1.325  1.345  1.366
22 .336   1.000  1.011  1.023  1.035  1.047  1.060  1.073  1.086  1.100  1.114  1.128  1.144  1.159  1.175  1.192  1.209  1.227  1.246  1.265  1.285  1.306  1.328  1.350  1.374  1.399  1.425
23 .352   1.000  1.012  1.025  1.038  1.052  1.066  1.080  1.095  1.111  1.127  1.143  1.160  1.178  1.196  1.216  1.236  1.256  1.278  1.301  1.324  1.349  1.375  1.402  1.431  1.461  1.493
24 .368   1.000  1.014  1.028  1.042  1.057  1.073  1.089  1.105  1.122  1.140  1.159  1.178  1.199  1.220  1.242  1.265  1.289  1.314  1.341  1.369  1.398  1.430  1.463  1.498  1.535  1.575
25 .384   1.000  1.015  1.030  1.046  1.062  1.080  1.097  1.116  1.135  1.155  1.176  1.198  1.221  1.245  1.271  1.297  1.325  1.355  1.386  1.420  1.455  1.493  1.534  1.577  1.624  1.675
26 .400   1.000  1.016  1.033  1.050  1.068  1.087  1.107  1.127  1.149  1.171  1.195  1.220  1.246  1.273  1.302  1.333  1.366  1.401  1.438  1.478  1.521  1.568  1.618  1.673  1.733  1.799
#TargetCo-ords:
#x1,y1       x2,y1  : 0.0000 0.0000               0.0400 0.0000
#       x,y         :                0.0000 0.0080
#x1,y2       x2,y2  : 0.0000 0.0160               0.0400 0.0160
# i,j       i,j+1    :   1,  1            1,  2
# i+1,j     i+1,j+1  :   2,  1            2,  2
#Solution for c/W=  0.008 a/B=  0.000 (i,j)=  1  1
# Q11,  R1,  Q21 :   1.0000  1.0000  1.0000
#       fw =     :             1.0000
# Q12,  R2,  Q22 :   1.0000  1.0000  1.0000
