# getMmMb vers. 0.4 starts...
#ROWS=   51
#COLS=   11
#theta=  0.0000000E+00   #radians =   0.00 deg.
#iaoc iaob a/c a/B         Mm          Mb
  1  1 0.000  0.00  0.0000000E+00  0.0000000E+00
  1  2 0.000  0.10  0.0000000E+00  0.0000000E+00
  1  3 0.000  0.20  0.0000000E+00  0.0000000E+00
  1  4 0.000  0.30  0.0000000E+00  0.0000000E+00
  1  5 0.000  0.40  0.0000000E+00  0.0000000E+00
  1  6 0.000  0.50  0.0000000E+00  0.0000000E+00
  1  7 0.000  0.60  0.0000000E+00  0.0000000E+00
  1  8 0.000  0.70  0.0000000E+00  0.0000000E+00
  1  9 0.000  0.80  0.0000000E+00  0.0000000E+00
  1 10 0.000  0.90  0.0000000E+00  0.0000000E+00
  1 11 0.000  1.00  0.0000000E+00  0.0000000E+00

  2  1 0.040  0.00  0.2469174E+00  0.2469174E+00
  2  2 0.040  0.10  0.2547652E+00  0.2459911E+00
  2  3 0.040  0.20  0.2797244E+00  0.2604570E+00
  2  4 0.040  0.30  0.3261514E+00  0.2924534E+00
  2  5 0.040  0.40  0.4016670E+00  0.3463333E+00
  2  6 0.040  0.50  0.5176973E+00  0.4285498E+00
  2  7 0.040  0.60  0.6902308E+00  0.5476015E+00
  2  8 0.040  0.70  0.9407914E+00  0.7139853E+00
  2  9 0.040  0.80  0.1297628E+01  0.9401052E+00
  2 10 0.040  0.90  0.1797119E+01  0.1240084E+01
  2 11 0.040  1.00  0.2485397E+01  0.1629426E+01

  3  1 0.080  0.00  0.3454381E+00  0.3454381E+00
  3  2 0.080  0.10  0.3547124E+00  0.3423400E+00
  3  3 0.080  0.20  0.3832287E+00  0.3564947E+00
  3  4 0.080  0.30  0.4331037E+00  0.3877837E+00
  3  5 0.080  0.40  0.5079850E+00  0.4371109E+00
  3  6 0.080  0.50  0.6132317E+00  0.5062841E+00
  3  7 0.080  0.60  0.7561665E+00  0.5979160E+00
  3  8 0.080  0.70  0.9464001E+00  0.7153271E+00
  3  9 0.080  0.80  0.1196228E+01  0.8624322E+00
  3 10 0.080  0.90  0.1521097E+01  0.1043594E+01
  3 11 0.080  1.00  0.1940150E+01  0.1263425E+01

  4  1 0.120  0.00  0.4173332E+00  0.4173332E+00
  4  2 0.120  0.10  0.4270394E+00  0.4119564E+00
  4  3 0.120  0.20  0.4564101E+00  0.4241693E+00
  4  4 0.120  0.30  0.5061953E+00  0.4525588E+00
  4  5 0.120  0.40  0.5776235E+00  0.4960168E+00
  4  6 0.120  0.50  0.6723709E+00  0.5536302E+00
  4  7 0.120  0.60  0.7925168E+00  0.6245666E+00
  4  8 0.120  0.70  0.9404874E+00  0.7079613E+00
  4  9 0.120  0.80  0.1118986E+01  0.8028050E+00
  4 10 0.120  0.90  0.1330910E+01  0.9078406E+00
  4 11 0.120  1.00  0.1579261E+01  0.1021466E+01

  5  1 0.160  0.00  0.4742754E+00  0.4742754E+00
  5  2 0.160  0.10  0.4840028E+00  0.4666949E+00
  5  3 0.160  0.20  0.5132285E+00  0.4765224E+00
  5  4 0.160  0.30  0.5620575E+00  0.5017599E+00
  5  5 0.160  0.40  0.6305799E+00  0.5403818E+00
  5  6 0.160  0.50  0.7187446E+00  0.5902330E+00
  5  7 0.160  0.60  0.8261808E+00  0.6489154E+00
  5  8 0.160  0.70  0.9519701E+00  0.7136729E+00
  5  9 0.160  0.80  0.1094367E+01  0.7812904E+00
  5 10 0.160  0.90  0.1250469E+01  0.8480178E+00
  5 11 0.160  1.00  0.1415835E+01  0.9095322E+00

  6  1 0.200  0.00  0.5208978E+00  0.5208978E+00
  6  2 0.200  0.10  0.5304447E+00  0.5112426E+00
  6  3 0.200  0.20  0.5590383E+00  0.5185640E+00
  6  4 0.200  0.30  0.6065044E+00  0.5406380E+00
  6  5 0.200  0.40  0.6724432E+00  0.5750734E+00
  6  6 0.200  0.50  0.7560660E+00  0.6192181E+00
  6  7 0.200  0.60  0.8559656E+00  0.6700499E+00
  6  8 0.200  0.70  0.9698220E+00  0.7240691E+00
  6  9 0.200  0.80  0.1094041E+01  0.7772070E+00
  6 10 0.200  0.90  0.1223331E+01  0.8247700E+00
  6 11 0.200  1.00  0.1350209E+01  0.8614330E+00

  7  1 0.240  0.00  0.5596810E+00  0.5596810E+00
  7  2 0.240  0.10  0.5689420E+00  0.5480960E+00
  7  3 0.240  0.20  0.5966387E+00  0.5529171E+00
  7  4 0.240  0.30  0.6424781E+00  0.5718569E+00
  7  5 0.240  0.40  0.7058545E+00  0.6024045E+00
  7  6 0.240  0.50  0.7856760E+00  0.6417401E+00
  7  7 0.240  0.60  0.8801188E+00  0.6866335E+00
  7  8 0.240  0.70  0.9863133E+00  0.7333436E+00
  7  9 0.240  0.80  0.1099959E+01  0.7775393E+00
  7 10 0.240  0.90  0.1214872E+01  0.8142557E+00
  7 11 0.240  1.00  0.1322457E+01  0.8379084E+00

  8  1 0.280  0.00  0.5921894E+00  0.5921894E+00
  8  2 0.280  0.10  0.6011094E+00  0.5788203E+00
  8  3 0.280  0.20  0.6277663E+00  0.5812111E+00
  8  4 0.280  0.30  0.6718145E+00  0.5970818E+00
  8  5 0.280  0.40  0.7325613E+00  0.6239079E+00
  8  6 0.280  0.50  0.8087924E+00  0.6588423E+00
  8  7 0.280  0.60  0.8985263E+00  0.6986222E+00
  8  8 0.280  0.70  0.9986996E+00  0.7394772E+00
  8  9 0.280  0.80  0.1104782E+01  0.7770594E+00
  8 10 0.280  0.90  0.1210321E+01  0.8064129E+00
  8 11 0.280  1.00  0.1306419E+01  0.8219988E+00

  9  1 0.320  0.00  0.6195177E+00  0.6195177E+00
  9  2 0.320  0.10  0.6280708E+00  0.6045056E+00
  9  3 0.320  0.20  0.6536188E+00  0.6045712E+00
  9  4 0.320  0.30  0.6957927E+00  0.6174742E+00
  9  5 0.320  0.40  0.7538640E+00  0.6407241E+00
  9  6 0.320  0.50  0.8265742E+00  0.6715088E+00
  9  7 0.320  0.60  0.9118952E+00  0.7066094E+00
  9  8 0.320  0.70  0.1006723E+01  0.7423172E+00
  9  9 0.320  0.80  0.1106501E+01  0.7743739E+00
  9 10 0.320  0.90  0.1204780E+01  0.7979495E+00
  9 11 0.320  1.00  0.1292698E+01  0.8076778E+00

 10  1 0.360  0.00  0.6424880E+00  0.6424880E+00
 10  2 0.360  0.10  0.6506651E+00  0.6259658E+00
 10  3 0.360  0.20  0.6750815E+00  0.6238293E+00
 10  4 0.360  0.30  0.7153593E+00  0.6338942E+00
 10  5 0.360  0.40  0.7707594E+00  0.6537273E+00
 10  6 0.360  0.50  0.8400169E+00  0.6805817E+00
 10  7 0.360  0.60  0.9211117E+00  0.7113193E+00
 10  8 0.360  0.70  0.1010973E+01  0.7423370E+00
 10  9 0.360  0.80  0.1105116E+01  0.7695146E+00
 10 10 0.360  0.90  0.1197220E+01  0.7882017E+00
 10 11 0.360  1.00  0.1278629E+01  0.7932616E+00

 11  1 0.400  0.00  0.6617472E+00  0.6617472E+00
 11  2 0.400  0.10  0.6695495E+00  0.6438388E+00
 11  3 0.400  0.20  0.6928409E+00  0.6396307E+00
 11  4 0.400  0.30  0.7312431E+00  0.6470039E+00
 11  5 0.400  0.40  0.7840210E+00  0.6635954E+00
 11  6 0.400  0.50  0.8499259E+00  0.6867402E+00
 11  7 0.400  0.60  0.9269769E+00  0.7134014E+00
 11  8 0.400  0.70  0.1012178E+01  0.7401043E+00
 11  9 0.400  0.80  0.1101173E+01  0.7628925E+00
 11 10 0.400  0.90  0.1187839E+01  0.7773221E+00
 11 11 0.400  1.00  0.1263818E+01  0.7785117E+00

 12  1 0.440  0.00  0.6778210E+00  0.6778210E+00
 12  2 0.440  0.10  0.6852562E+00  0.6586409E+00
 12  3 0.440  0.20  0.7074474E+00  0.6524929E+00
 12  4 0.440  0.30  0.7440215E+00  0.6573281E+00
 12  5 0.440  0.40  0.7942579E+00  0.6708620E+00
 12  6 0.440  0.50  0.8569392E+00  0.6905216E+00
 12  7 0.440  0.60  0.9301440E+00  0.7133832E+00
 12  8 0.440  0.70  0.1010979E+01  0.7361138E+00
 12  9 0.440  0.80  0.1095251E+01  0.7549348E+00
 12 10 0.440  0.90  0.1177084E+01  0.7656225E+00
 12 11 0.440  1.00  0.1248468E+01  0.7635629E+00

 13  1 0.480  0.00  0.6911465E+00  0.6911465E+00
 13  2 0.480  0.10  0.6982259E+00  0.6707996E+00
 13  3 0.480  0.20  0.7193523E+00  0.6628400E+00
 13  4 0.480  0.30  0.7541625E+00  0.6652920E+00
 13  5 0.480  0.40  0.8019574E+00  0.6759539E+00
 13  6 0.480  0.50  0.8615620E+00  0.6923512E+00
 13  7 0.480  0.60  0.9311293E+00  0.7116808E+00
 13  8 0.480  0.70  0.1007888E+01  0.7307588E+00
 13  9 0.480  0.80  0.1087832E+01  0.7459916E+00
 13 10 0.480  0.90  0.1165360E+01  0.7533822E+00
 13 11 0.480  1.00  0.1232852E+01  0.7485878E+00

 14  1 0.520  0.00  0.7020921E+00  0.7020921E+00
 14  2 0.520  0.10  0.7088293E+00  0.6806746E+00
 14  3 0.520  0.20  0.7289327E+00  0.6710263E+00
 14  4 0.520  0.30  0.7620523E+00  0.6712462E+00
 14  5 0.520  0.40  0.8075162E+00  0.6792180E+00
 14  6 0.520  0.50  0.8641996E+00  0.6925696E+00
 14  7 0.520  0.60  0.9303407E+00  0.7086219E+00
 14  8 0.520  0.70  0.1003303E+01  0.7243447E+00
 14  9 0.520  0.80  0.1079286E+01  0.7363321E+00
 14 10 0.520  0.90  0.1152983E+01  0.7408148E+00
 14 11 0.520  1.00  0.1217186E+01  0.7337196E+00

 15  1 0.560  0.00  0.7109718E+00  0.7109718E+00
 15  2 0.560  0.10  0.7173814E+00  0.6885714E+00
 15  3 0.560  0.20  0.7365069E+00  0.6773507E+00
 15  4 0.560  0.30  0.7680135E+00  0.6754833E+00
 15  5 0.560  0.40  0.8112610E+00  0.6809400E+00
 15  6 0.560  0.50  0.8651807E+00  0.6914524E+00
 15  7 0.560  0.60  0.9281033E+00  0.7044675E+00
 15  8 0.560  0.70  0.9975370E+00  0.7171094E+00
 15  9 0.560  0.80  0.1069896E+01  0.7261601E+00
 15 10 0.560  0.90  0.1140183E+01  0.7280754E+00
 15 11 0.560  1.00  0.1201616E+01  0.7190469E+00

 16  1 0.600  0.00  0.7180551E+00  0.7180551E+00
 16  2 0.600  0.10  0.7241524E+00  0.6947518E+00
 16  3 0.600  0.20  0.7423460E+00  0.6820676E+00
 16  4 0.600  0.30  0.7723187E+00  0.6782503E+00
 16  5 0.600  0.40  0.8134646E+00  0.6813580E+00
 16  6 0.600  0.50  0.8647754E+00  0.6892260E+00
 16  7 0.600  0.60  0.9246795E+00  0.6994276E+00
 16  8 0.600  0.70  0.9908355E+00  0.7092401E+00
 16  9 0.600  0.80  0.1059880E+01  0.7156311E+00
 16 10 0.600  0.90  0.1127130E+01  0.7152767E+00
 16 11 0.600  1.00  0.1186238E+01  0.7046252E+00

 17  1 0.640  0.00  0.7235744E+00  0.7235744E+00
 17  2 0.640  0.10  0.7293746E+00  0.6994411E+00
 17  3 0.640  0.20  0.7466825E+00  0.6853948E+00
 17  4 0.640  0.30  0.7751995E+00  0.6797569E+00
 17  5 0.640  0.40  0.8143564E+00  0.6806717E+00
 17  6 0.640  0.50  0.8632081E+00  0.6860778E+00
 17  7 0.640  0.60  0.9202835E+00  0.6936729E+00
 17  8 0.640  0.70  0.9833954E+00  0.7008855E+00
 17  9 0.640  0.80  0.1049405E+01  0.7048646E+00
 17 10 0.640  0.90  0.1113948E+01  0.7025003E+00
 17 11 0.640  1.00  0.1171112E+01  0.6904876E+00

 18  1 0.680  0.00  0.7277309E+00  0.7277309E+00
 18  2 0.680  0.10  0.7332488E+00  0.7028337E+00
 18  3 0.680  0.20  0.7497162E+00  0.6875197E+00
 18  4 0.680  0.30  0.7768537E+00  0.6801820E+00
 18  5 0.680  0.40  0.8141305E+00  0.6790500E+00
 18  6 0.680  0.50  0.8606657E+00  0.6821637E+00
 18  7 0.680  0.60  0.9150913E+00  0.6873434E+00
 18  8 0.680  0.70  0.9753750E+00  0.6921651E+00
 18  9 0.680  0.80  0.1038604E+01  0.6939537E+00
 18 10 0.680  0.90  0.1100730E+01  0.6898057E+00
 18 11 0.680  1.00  0.1156275E+01  0.6766523E+00

 19  1 0.720  0.00  0.7306991E+00  0.7306991E+00
 19  2 0.720  0.10  0.7359493E+00  0.7050983E+00
 19  3 0.720  0.20  0.7516198E+00  0.6886039E+00
 19  4 0.720  0.30  0.7774513E+00  0.6796790E+00
 19  5 0.720  0.40  0.8129518E+00  0.6766360E+00
 19  6 0.720  0.50  0.8573061E+00  0.6776147E+00
 19  7 0.720  0.60  0.9092490E+00  0.6805547E+00
 19  8 0.720  0.70  0.9669034E+00  0.6831752E+00
 19  9 0.720  0.80  0.1027580E+01  0.6829711E+00
 19 10 0.720  0.90  0.1087546E+01  0.6772367E+00
 19 11 0.720  1.00  0.1141749E+01  0.6631278E+00

 20  1 0.760  0.00  0.7326308E+00  0.7326308E+00
 20  2 0.760  0.10  0.7376273E+00  0.7063814E+00
 20  3 0.760  0.20  0.7525426E+00  0.6887872E+00
 20  4 0.760  0.30  0.7771382E+00  0.6783795E+00
 20  5 0.760  0.40  0.8109613E+00  0.6735520E+00
 20  6 0.760  0.50  0.8532621E+00  0.6725412E+00
 20  7 0.760  0.60  0.9028782E+00  0.6734027E+00
 20  8 0.760  0.70  0.9580858E+00  0.6739941E+00
 20  9 0.760  0.80  0.1016418E+01  0.6719739E+00
 20 10 0.760  0.90  0.1074448E+01  0.6648251E+00
 20 11 0.760  1.00  0.1127544E+01  0.6499161E+00

 21  1 0.800  0.00  0.7336584E+00  0.7336584E+00
 21  2 0.800  0.10  0.7384143E+00  0.7068102E+00
 21  3 0.800  0.20  0.7526144E+00  0.6881906E+00
 21  4 0.800  0.30  0.7760407E+00  0.6763971E+00
 21  5 0.800  0.40  0.8082796E+00  0.6699021E+00
 21  6 0.800  0.50  0.8486464E+00  0.6670361E+00
 21  7 0.800  0.60  0.8960804E+00  0.6659670E+00
 21  8 0.800  0.70  0.9490089E+00  0.6646858E+00
 21  9 0.800  0.80  0.1005181E+01  0.6610072E+00
 21 10 0.800  0.90  0.1061474E+01  0.6525940E+00
 21 11 0.800  1.00  0.1113663E+01  0.6370151E+00

 22  1 0.840  0.00  0.7338970E+00  0.7338970E+00
 22  2 0.840  0.10  0.7384250E+00  0.7064955E+00
 22  3 0.840  0.20  0.7519478E+00  0.6869193E+00
 22  4 0.840  0.30  0.7742677E+00  0.6738297E+00
 22  5 0.840  0.40  0.8050103E+00  0.6657757E+00
 22  6 0.840  0.50  0.8435551E+00  0.6611785E+00
 22  7 0.840  0.60  0.8889412E+00  0.6583143E+00
 22  8 0.840  0.70  0.9397440E+00  0.6553023E+00
 22  9 0.840  0.80  0.9939248E+00  0.6501063E+00
 22 10 0.840  0.90  0.1048654E+01  0.6405597E+00
 22 11 0.840  1.00  0.1100106E+01  0.6244199E+00

 23  1 0.880  0.00  0.7334473E+00  0.7334473E+00
 23  2 0.880  0.10  0.7377594E+00  0.7055340E+00
 23  3 0.880  0.20  0.7506405E+00  0.6850646E+00
 23  4 0.880  0.30  0.7719136E+00  0.6707620E+00
 23  5 0.880  0.40  0.8012422E+00  0.6612492E+00
 23  6 0.880  0.50  0.8380695E+00  0.6550351E+00
 23  7 0.880  0.60  0.8815321E+00  0.6505002E+00
 23  8 0.880  0.70  0.9303499E+00  0.6458861E+00
 23  9 0.880  0.80  0.9826905E+00  0.6392991E+00
 23 10 0.880  0.90  0.1036010E+01  0.6287336E+00
 23 11 0.880  1.00  0.1086868E+01  0.6121239E+00

 24  1 0.920  0.00  0.7323975E+00  0.7323975E+00
 24  2 0.920  0.10  0.7365048E+00  0.7040102E+00
 24  3 0.920  0.20  0.7487781E+00  0.6827059E+00
 24  4 0.920  0.30  0.7690601E+00  0.6672673E+00
 24  5 0.920  0.40  0.7970521E+00  0.6563884E+00
 24  6 0.920  0.50  0.8322592E+00  0.6486629E+00
 24  7 0.920  0.60  0.8739135E+00  0.6425711E+00
 24  8 0.920  0.70  0.9208753E+00  0.6364722E+00
 24  9 0.920  0.80  0.9715123E+00  0.6286072E+00
 24 10 0.920  0.90  0.1023557E+01  0.6171230E+00
 24 11 0.920  1.00  0.1073943E+01  0.6001192E+00

 25  1 0.960  0.00  0.7308244E+00  0.7308244E+00
 25  2 0.960  0.10  0.7347376E+00  0.7019977E+00
 25  3 0.960  0.20  0.7464347E+00  0.6799124E+00
 25  4 0.960  0.30  0.7657781E+00  0.6634089E+00
 25  5 0.960  0.40  0.7925059E+00  0.6512496E+00
 25  6 0.960  0.50  0.8261837E+00  0.6421099E+00
 25  7 0.960  0.60  0.8661362E+00  0.6345660E+00
 25  8 0.960  0.70  0.9113601E+00  0.6270886E+00
 25  9 0.960  0.80  0.9604169E+00  0.6180474E+00
 25 10 0.960  0.90  0.1011307E+01  0.6057323E+00
 25 11 0.960  1.00  0.1061323E+01  0.5883974E+00

 26  1 1.000  0.00  0.7287955E+00  0.7287955E+00
 26  2 1.000  0.10  0.7325127E+00  0.6995496E+00
 26  3 1.000  0.20  0.7436236E+00  0.6766975E+00
 26  4 1.000  0.30  0.7619983E+00  0.6591285E+00
 26  5 1.000  0.40  0.7873901E+00  0.6456599E+00
 26  6 1.000  0.50  0.8193923E+00  0.6350290E+00
 26  7 1.000  0.60  0.8573757E+00  0.6258843E+00
 26  8 1.000  0.70  0.9004099E+00  0.6167808E+00
 26  9 1.000  0.80  0.9471652E+00  0.6061857E+00
 26 10 1.000  0.90  0.9957986E+00  0.5925003E+00
 26 11 1.000  1.00  0.1043821E+01  0.5741017E+00
