# getMmMb vers. 0.4 starts...
#ROWS=   51
#COLS=   11
#theta=  0.0000000E+00   #radians =   0.00 deg.
#iaoc iaob a/c a/B         Mm          Mb
 27  1 1.040  0.00  0.7272528E+00  0.7272528E+00
 27  2 1.040  0.10  0.7306958E+00  0.6987994E+00
 27  3 1.040  0.20  0.7409877E+00  0.6759570E+00
 27  4 1.040  0.30  0.7580101E+00  0.6577025E+00
 27  5 1.040  0.40  0.7815412E+00  0.6429300E+00
 27  6 1.040  0.50  0.8112185E+00  0.6304463E+00
 27  7 1.040  0.60  0.8464871E+00  0.6189663E+00
 27  8 1.040  0.70  0.8865333E+00  0.6071137E+00
 27  9 1.040  0.80  0.9302032E+00  0.5934320E+00
 27 10 1.040  0.90  0.9759064E+00  0.5764128E+00
 27 11 1.040  1.00  0.1021505E+01  0.5545440E+00

 28  1 1.080  0.00  0.7254593E+00  0.7254593E+00
 28  2 1.080  0.10  0.7286626E+00  0.6977781E+00
 28  3 1.080  0.20  0.7382386E+00  0.6750348E+00
 28  4 1.080  0.30  0.7540798E+00  0.6562848E+00
 28  5 1.080  0.40  0.7759860E+00  0.6404945E+00
 28  6 1.080  0.50  0.8036333E+00  0.6265386E+00
 28  7 1.080  0.60  0.8365308E+00  0.6131992E+00
 28  8 1.080  0.70  0.8739637E+00  0.5991685E+00
 28  9 1.080  0.80  0.9149255E+00  0.5830650E+00
 28 10 1.080  0.90  0.9580364E+00  0.5634620E+00
 28 11 1.080  1.00  0.1001450E+01  0.5389400E+00

 29  1 1.120  0.00  0.7234424E+00  0.7234424E+00
 29  2 1.120  0.10  0.7264347E+00  0.6965115E+00
 29  3 1.120  0.20  0.7353807E+00  0.6739374E+00
 29  4 1.120  0.30  0.7501826E+00  0.6548466E+00
 29  5 1.120  0.40  0.7706596E+00  0.6382729E+00
 29  6 1.120  0.50  0.7965217E+00  0.6231564E+00
 29  7 1.120  0.60  0.8273326E+00  0.6083444E+00
 29  8 1.120  0.70  0.8624622E+00  0.5925977E+00
 29  9 1.120  0.80  0.9010282E+00  0.5746059E+00
 29 10 1.120  0.90  0.9418278E+00  0.5530182E+00
 29 11 1.120  1.00  0.9832582E+00  0.5264946E+00

 30  1 1.160  0.00  0.7212268E+00  0.7212268E+00
 30  2 1.160  0.10  0.7240322E+00  0.6950231E+00
 30  3 1.160  0.20  0.7324203E+00  0.6726735E+00
 30  4 1.160  0.30  0.7463019E+00  0.6533684E+00
 30  5 1.160  0.40  0.7655135E+00  0.6362040E+00
 30  6 1.160  0.50  0.7897948E+00  0.6201830E+00
 30  7 1.160  0.60  0.8187569E+00  0.6042160E+00
 30  8 1.160  0.70  0.8518419E+00  0.5871295E+00
 30  9 1.160  0.80  0.8882735E+00  0.5676815E+00
 30 10 1.160  0.90  0.9269980E+00  0.5445917E+00
 30 11 1.160  1.00  0.9666173E+00  0.5165903E+00

 31  1 1.200  0.00  0.7188352E+00  0.7188352E+00
 31  2 1.200  0.10  0.7214742E+00  0.6933352E+00
 31  3 1.200  0.20  0.7293651E+00  0.6712530E+00
 31  4 1.200  0.30  0.7424268E+00  0.6518372E+00
 31  5 1.200  0.40  0.7605113E+00  0.6342416E+00
 31  6 1.200  0.50  0.7833841E+00  0.6175281E+00
 31  7 1.200  0.60  0.8106977E+00  0.6006677E+00
 31  8 1.200  0.70  0.8419563E+00  0.5825499E+00
 31  9 1.200  0.80  0.8764738E+00  0.5619979E+00
 31 10 1.200  0.90  0.9133235E+00  0.5377972E+00
 31 11 1.200  1.00  0.9512802E+00  0.5087416E+00

 32  1 1.240  0.00  0.7162880E+00  0.7162880E+00
 32  2 1.240  0.10  0.7187777E+00  0.6914678E+00
 32  3 1.240  0.20  0.7262232E+00  0.6696866E+00
 32  4 1.240  0.30  0.7385507E+00  0.6502451E+00
 32  5 1.240  0.40  0.7556255E+00  0.6323507E+00
 32  6 1.240  0.50  0.7772363E+00  0.6151205E+00
 32  7 1.240  0.60  0.8030713E+00  0.5975833E+00
 32  8 1.240  0.70  0.8326885E+00  0.5786886E+00
 32  9 1.240  0.80  0.8654794E+00  0.5573213E+00
 32 10 1.240  0.90  0.9006256E+00  0.5323290E+00
 32 11 1.240  1.00  0.9370489E+00  0.5025633E+00

 33  1 1.280  0.00  0.7136035E+00  0.7136035E+00
 33  2 1.280  0.10  0.7159588E+00  0.6894398E+00
 33  3 1.280  0.20  0.7230035E+00  0.6679851E+00
 33  4 1.280  0.30  0.7346697E+00  0.6485875E+00
 33  5 1.280  0.40  0.7508354E+00  0.6305043E+00
 33  6 1.280  0.50  0.7713093E+00  0.6129042E+00
 33  7 1.280  0.60  0.7958109E+00  0.5948705E+00
 33  8 1.280  0.70  0.8239452E+00  0.5754095E+00
 33  9 1.280  0.80  0.8551702E+00  0.5534648E+00
 33 10 1.280  0.90  0.8887606E+00  0.5279422E+00
 33 11 1.280  1.00  0.9237639E+00  0.4977477E+00

 34  1 1.320  0.00  0.7107987E+00  0.7107987E+00
 34  2 1.320  0.10  0.7130325E+00  0.6872684E+00
 34  3 1.320  0.20  0.7197145E+00  0.6661595E+00
 34  4 1.320  0.30  0.7307826E+00  0.6468632E+00
 34  5 1.320  0.40  0.7461256E+00  0.6286827E+00
 34  6 1.320  0.50  0.7655702E+00  0.6108351E+00
 34  7 1.320  0.60  0.7888636E+00  0.5924552E+00
 34  8 1.320  0.70  0.8156513E+00  0.5726032E+00
 34  9 1.320  0.80  0.8454493E+00  0.5502779E+00
 34 10 1.320  0.90  0.8776123E+00  0.5244401E+00
 34 11 1.320  1.00  0.9112956E+00  0.4940466E+00

 35  1 1.360  0.00  0.7078888E+00  0.7078888E+00
 35  2 1.360  0.10  0.7100123E+00  0.6849694E+00
 35  3 1.360  0.20  0.7163647E+00  0.6642203E+00
 35  4 1.360  0.30  0.7268894E+00  0.6450723E+00
 35  5 1.360  0.40  0.7414846E+00  0.6268709E+00
 35  6 1.360  0.50  0.7599933E+00  0.6088786E+00
 35  7 1.360  0.60  0.7821868E+00  0.5902784E+00
 35  8 1.360  0.70  0.8077461E+00  0.5701811E+00
 35  9 1.360  0.80  0.8362377E+00  0.5476383E+00
 35 10 1.360  0.90  0.8670856E+00  0.5216625E+00
 35 11 1.360  1.00  0.8995381E+00  0.4912586E+00

 36  1 1.400  0.00  0.7048876E+00  0.7048876E+00
 36  2 1.400  0.10  0.7069104E+00  0.6825570E+00
 36  3 1.400  0.20  0.7129621E+00  0.6621776E+00
 36  4 1.400  0.30  0.7229909E+00  0.6432165E+00
 36  5 1.400  0.40  0.7369038E+00  0.6250579E+00
 36  6 1.400  0.50  0.7545578E+00  0.6070069E+00
 36  7 1.400  0.60  0.7757458E+00  0.5882918E+00
 36  8 1.400  0.70  0.8001800E+00  0.5680713E+00
 36  9 1.400  0.80  0.8274707E+00  0.5454465E+00
 36 10 1.400  0.90  0.8571022E+00  0.5194789E+00
 36 11 1.400  1.00  0.8884037E+00  0.4892193E+00

 37  1 1.440  0.00  0.7018075E+00  0.7018075E+00
 37  2 1.440  0.10  0.7037381E+00  0.6800445E+00
 37  3 1.440  0.20  0.7095146E+00  0.6600415E+00
 37  4 1.440  0.30  0.7190892E+00  0.6412983E+00
 37  5 1.440  0.40  0.7323771E+00  0.6232359E+00
 37  6 1.440  0.50  0.7492475E+00  0.6051983E+00
 37  7 1.440  0.60  0.7695126E+00  0.5864566E+00
 37  8 1.440  0.70  0.7929121E+00  0.5662149E+00
 37  9 1.440  0.80  0.8190948E+00  0.5436208E+00
 37 10 1.440  0.90  0.8475975E+00  0.5177823E+00
 37 11 1.440  1.00  0.8778195E+00  0.4877938E+00

 38  1 1.480  0.00  0.6986600E+00  0.6986600E+00
 38  2 1.480  0.10  0.7005058E+00  0.6774440E+00
 38  3 1.480  0.20  0.7060293E+00  0.6578211E+00
 38  4 1.480  0.30  0.7151865E+00  0.6393211E+00
 38  5 1.480  0.40  0.7278996E+00  0.6213990E+00
 38  6 1.480  0.50  0.7440493E+00  0.6034356E+00
 38  7 1.480  0.60  0.7634643E+00  0.5847417E+00
 38  8 1.480  0.70  0.7859089E+00  0.5645640E+00
 38  9 1.480  0.80  0.8110657E+00  0.5420943E+00
 38 10 1.480  0.90  0.8385176E+00  0.5164849E+00
 38 11 1.480  1.00  0.8677251E+00  0.4868714E+00

 39  1 1.520  0.00  0.6954550E+00  0.6954550E+00
 39  2 1.520  0.10  0.6972227E+00  0.6747664E+00
 39  3 1.520  0.20  0.7025129E+00  0.6555249E+00
 39  4 1.520  0.30  0.7112853E+00  0.6372888E+00
 39  5 1.520  0.40  0.7234682E+00  0.6195437E+00
 39  6 1.520  0.50  0.7389525E+00  0.6017051E+00
 39  7 1.520  0.60  0.7575821E+00  0.5831214E+00
 39  8 1.520  0.70  0.7791425E+00  0.5630792E+00
 39  9 1.520  0.80  0.8033465E+00  0.5408119E+00
 39 10 1.520  0.90  0.8298173E+00  0.5155137E+00
 39 11 1.520  1.00  0.8580690E+00  0.4863597E+00

 40  1 1.560  0.00  0.6922021E+00  0.6922021E+00
 40  2 1.560  0.10  0.6938975E+00  0.6720217E+00
 40  3 1.560  0.20  0.6989720E+00  0.6531615E+00
 40  4 1.560  0.30  0.7073884E+00  0.6352052E+00
 40  5 1.560  0.40  0.7190807E+00  0.6176676E+00
 40  6 1.560  0.50  0.7339489E+00  0.5999965E+00
 40  7 1.560  0.60  0.7518504E+00  0.5815752E+00
 40  8 1.560  0.70  0.7725897E+00  0.5617280E+00
 40  9 1.560  0.80  0.7959061E+00  0.5397279E+00
 40 10 1.560  0.90  0.8214585E+00  0.5148087E+00
 40 11 1.560  1.00  0.8488081E+00  0.4861833E+00

 41  1 1.600  0.00  0.6889094E+00  0.6889094E+00
 41  2 1.600  0.10  0.6905379E+00  0.6692191E+00
 41  3 1.600  0.20  0.6954124E+00  0.6507382E+00
 41  4 1.600  0.30  0.7034985E+00  0.6330745E+00
 41  5 1.600  0.40  0.7147356E+00  0.6157696E+00
 41  6 1.600  0.50  0.7290316E+00  0.5983012E+00
 41  7 1.600  0.60  0.7462561E+00  0.5800860E+00
 41  8 1.600  0.70  0.7662306E+00  0.5604836E+00
 41  9 1.600  0.80  0.7887180E+00  0.5388042E+00
 41 10 1.600  0.90  0.8134087E+00  0.5143193E+00
 41 11 1.600  1.00  0.8399054E+00  0.4862780E+00

 42  1 1.640  0.00  0.6855847E+00  0.6855847E+00
 42  2 1.640  0.10  0.6871508E+00  0.6663667E+00
 42  3 1.640  0.20  0.6918393E+00  0.6482622E+00
 42  4 1.640  0.30  0.6996183E+00  0.6309007E+00
 42  5 1.640  0.40  0.7104316E+00  0.6138490E+00
 42  6 1.640  0.50  0.7241950E+00  0.5966130E+00
 42  7 1.640  0.60  0.7407885E+00  0.5786405E+00
 42  8 1.640  0.70  0.7600490E+00  0.5593241E+00
 42  9 1.640  0.80  0.7817600E+00  0.5380096E+00
 42 10 1.640  0.90  0.8056402E+00  0.5140041E+00
 42 11 1.640  1.00  0.8313291E+00  0.4865913E+00

 43  1 1.680  0.00  0.6822345E+00  0.6822345E+00
 43  2 1.680  0.10  0.6837426E+00  0.6634722E+00
 43  3 1.680  0.20  0.6882576E+00  0.6457400E+00
 43  4 1.680  0.30  0.6957501E+00  0.6286879E+00
 43  5 1.680  0.40  0.7061684E+00  0.6119061E+00
 43  6 1.680  0.50  0.7194345E+00  0.5949270E+00
 43  7 1.680  0.60  0.7354383E+00  0.5772272E+00
 43  8 1.680  0.70  0.7540303E+00  0.5582312E+00
 43  9 1.680  0.80  0.7750129E+00  0.5373177E+00
 43 10 1.680  0.90  0.7981294E+00  0.5138279E+00
 43 11 1.680  1.00  0.8230520E+00  0.4870786E+00

 44  1 1.720  0.00  0.6788653E+00  0.6788653E+00
 44  2 1.720  0.10  0.6803192E+00  0.6605425E+00
 44  3 1.720  0.20  0.6846721E+00  0.6431777E+00
 44  4 1.720  0.30  0.6918969E+00  0.6264402E+00
 44  5 1.720  0.40  0.7019457E+00  0.6099418E+00
 44  6 1.720  0.50  0.7147465E+00  0.5932395E+00
 44  7 1.720  0.60  0.7301980E+00  0.5758375E+00
 44  8 1.720  0.70  0.7481629E+00  0.5571900E+00
 44  9 1.720  0.80  0.7684604E+00  0.5367070E+00
 44 10 1.720  0.90  0.7908559E+00  0.5137620E+00
 44 11 1.720  1.00  0.8150507E+00  0.4877035E+00

 45  1 1.760  0.00  0.6754823E+00  0.6754823E+00
 45  2 1.760  0.10  0.6768854E+00  0.6575835E+00
 45  3 1.760  0.20  0.6810865E+00  0.6405810E+00
 45  4 1.760  0.30  0.6880606E+00  0.6241612E+00
 45  5 1.760  0.40  0.6977631E+00  0.6079568E+00
 45  6 1.760  0.50  0.7101277E+00  0.5915479E+00
 45  7 1.760  0.60  0.7250607E+00  0.5744641E+00
 45  8 1.760  0.70  0.7424362E+00  0.5561880E+00
 45  9 1.760  0.80  0.7620879E+00  0.5361592E+00
 45 10 1.760  0.90  0.7838015E+00  0.5137818E+00
 45 11 1.760  1.00  0.8073040E+00  0.4884347E+00

 46  1 1.800  0.00  0.6720908E+00  0.6720908E+00
 46  2 1.800  0.10  0.6734463E+00  0.6546013E+00
 46  3 1.800  0.20  0.6775051E+00  0.6379551E+00
 46  4 1.800  0.30  0.6842437E+00  0.6218551E+00
 46  5 1.800  0.40  0.6936212E+00  0.6059528E+00
 46  6 1.800  0.50  0.7055758E+00  0.5898503E+00
 46  7 1.800  0.60  0.7200212E+00  0.5731015E+00
 46  8 1.800  0.70  0.7368414E+00  0.5552152E+00
 46  9 1.800  0.80  0.7558836E+00  0.5356593E+00
 46 10 1.800  0.90  0.7769511E+00  0.5138670E+00
 46 11 1.800  1.00  0.7997943E+00  0.4892461E+00

 47  1 1.840  0.00  0.6686952E+00  0.6686952E+00
 47  2 1.840  0.10  0.6700058E+00  0.6516008E+00
 47  3 1.840  0.20  0.6739307E+00  0.6353046E+00
 47  4 1.840  0.30  0.6804480E+00  0.6195248E+00
 47  5 1.840  0.40  0.6895195E+00  0.6039308E+00
 47  6 1.840  0.50  0.7010882E+00  0.5881451E+00
 47  7 1.840  0.60  0.7150742E+00  0.5717446E+00
 47  8 1.840  0.70  0.7313703E+00  0.5542630E+00
 47  9 1.840  0.80  0.7498360E+00  0.5351946E+00
 47 10 1.840  0.90  0.7702907E+00  0.5140007E+00
 47 11 1.840  1.00  0.7925053E+00  0.4901163E+00

 48  1 1.880  0.00  0.6652995E+00  0.6652995E+00
 48  2 1.880  0.10  0.6665680E+00  0.6485867E+00
 48  3 1.880  0.20  0.6703667E+00  0.6326340E+00
 48  4 1.880  0.30  0.6766754E+00  0.6171739E+00
 48  5 1.880  0.40  0.6854586E+00  0.6018927E+00
 48  6 1.880  0.50  0.6966633E+00  0.5864320E+00
 48  7 1.880  0.60  0.7102156E+00  0.5703901E+00
 48  8 1.880  0.70  0.7260164E+00  0.5533246E+00
 48  9 1.880  0.80  0.7439361E+00  0.5347549E+00
 48 10 1.880  0.90  0.7638083E+00  0.5141683E+00
 48 11 1.880  1.00  0.7854230E+00  0.4910268E+00

 49  1 1.920  0.00  0.6619074E+00  0.6619074E+00
 49  2 1.920  0.10  0.6631361E+00  0.6455632E+00
 49  3 1.920  0.20  0.6668158E+00  0.6299473E+00
 49  4 1.920  0.30  0.6729276E+00  0.6148055E+00
 49  5 1.920  0.40  0.6814386E+00  0.5998399E+00
 49  6 1.920  0.50  0.6922994E+00  0.5847103E+00
 49  7 1.920  0.60  0.7054416E+00  0.5690352E+00
 49  8 1.920  0.70  0.7207734E+00  0.5523943E+00
 49  9 1.920  0.80  0.7381750E+00  0.5343313E+00
 49 10 1.920  0.90  0.7574933E+00  0.5143582E+00
 49 11 1.920  1.00  0.7785348E+00  0.4919624E+00

 50  1 1.960  0.00  0.6585221E+00  0.6585221E+00
 50  2 1.960  0.10  0.6597130E+00  0.6425340E+00
 50  3 1.960  0.20  0.6632802E+00  0.6272480E+00
 50  4 1.960  0.30  0.6692061E+00  0.6124225E+00
 50  5 1.960  0.40  0.6774596E+00  0.5977741E+00
 50  6 1.960  0.50  0.6879951E+00  0.5829799E+00
 50  7 1.960  0.60  0.7007489E+00  0.5676776E+00
 50  8 1.960  0.70  0.7156359E+00  0.5514678E+00
 50  9 1.960  0.80  0.7325454E+00  0.5339167E+00
 50 10 1.960  0.90  0.7513361E+00  0.5145605E+00
 50 11 1.960  1.00  0.7718295E+00  0.4929105E+00

 51  1 2.000  0.00  0.6551466E+00  0.6551466E+00
 51  2 2.000  0.10  0.6563020E+00  0.6395028E+00
 51  3 2.000  0.20  0.6597627E+00  0.6245398E+00
 51  4 2.000  0.30  0.6655123E+00  0.6100277E+00
 51  5 2.000  0.40  0.6735221E+00  0.5956973E+00
 51  6 2.000  0.50  0.6837493E+00  0.5812414E+00
 51  7 2.000  0.60  0.6961346E+00  0.5663158E+00
 51  8 2.000  0.70  0.7105994E+00  0.5505412E+00
 51  9 2.000  0.80  0.7270409E+00  0.5335054E+00
 51 10 2.000  0.90  0.7453282E+00  0.5147669E+00
 51 11 2.000  1.00  0.7652969E+00  0.4938603E+00

