# getMmMb vers. 0.4 starts...
#ROWS=   51
#COLS=   11
#theta=  0.7853982E+00   #radians =  45.00 deg.
#iaoc iaob a/c a/B         Mm          Mb
  1  1 0.000  0.00  0.9583645E+00  0.9583645E+00
  1  2 0.000  0.10  0.9929205E+00  0.8843038E+00
  1  3 0.000  0.20  0.1109918E+01  0.8814590E+00
  1  4 0.000  0.30  0.1349462E+01  0.9580750E+00
  1  5 0.000  0.40  0.1778791E+01  0.1133692E+01
  1  6 0.000  0.50  0.2492859E+01  0.1434961E+01
  1  7 0.000  0.60  0.3615167E+01  0.1895124E+01
  1  8 0.000  0.70  0.5298818E+01  0.2556672E+01
  1  9 0.000  0.80  0.7727817E+01  0.3476787E+01
  1 10 0.000  0.90  0.1111860E+02  0.4735237E+01
  1 11 0.000  1.00  0.1572180E+02  0.6444471E+01

  2  1 0.040  0.00  0.9522585E+00  0.9522585E+00
  2  2 0.040  0.10  0.9796993E+00  0.8722834E+00
  2  3 0.040  0.20  0.1066493E+01  0.8445873E+00
  2  4 0.040  0.30  0.1226090E+01  0.8633127E+00
  2  5 0.040  0.40  0.1481044E+01  0.9276512E+00
  2  6 0.040  0.50  0.1863195E+01  0.1039799E+01
  2  7 0.040  0.60  0.2413956E+01  0.1203984E+01
  2  8 0.040  0.70  0.3184653E+01  0.1426407E+01
  2  9 0.040  0.80  0.4236962E+01  0.1716002E+01
  2 10 0.040  0.90  0.5643410E+01  0.2085877E+01
  2 11 0.040  1.00  0.7487965E+01  0.2555395E+01

  3  1 0.080  0.00  0.9431428E+00  0.9431428E+00
  3  2 0.080  0.10  0.9656799E+00  0.8598511E+00
  3  3 0.080  0.20  0.1034403E+01  0.8181156E+00
  3  4 0.080  0.30  0.1152655E+01  0.8079661E+00
  3  5 0.080  0.40  0.1326040E+01  0.8222334E+00
  3  6 0.080  0.50  0.1562468E+01  0.8558200E+00
  3  7 0.080  0.60  0.1872218E+01  0.9052181E+00
  3  8 0.080  0.70  0.2268024E+01  0.9682406E+00
  3  9 0.080  0.80  0.2765174E+01  0.1043938E+01
  3 10 0.080  0.90  0.3381628E+01  0.1132676E+01
  3 11 0.080  1.00  0.4138160E+01  0.1236350E+01

  4  1 0.120  0.00  0.9321894E+00  0.9321894E+00
  4  2 0.120  0.10  0.9511277E+00  0.8470263E+00
  4  3 0.120  0.20  0.1007862E+01  0.7964666E+00
  4  4 0.120  0.30  0.1102147E+01  0.7700061E+00
  4  5 0.120  0.40  0.1233572E+01  0.7589690E+00
  4  6 0.120  0.50  0.1401553E+01  0.7563837E+00
  4  7 0.120  0.60  0.1605320E+01  0.7568552E+00
  4  8 0.120  0.70  0.1843911E+01  0.7564332E+00
  4  9 0.120  0.80  0.2116153E+01  0.7524781E+00
  4 10 0.120  0.90  0.2420649E+01  0.7435257E+00
  4 11 0.120  1.00  0.2755751E+01  0.7291518E+00

  5  1 0.160  0.00  0.9199722E+00  0.9199722E+00
  5  2 0.160  0.10  0.9361417E+00  0.8338597E+00
  5  3 0.160  0.20  0.9841906E+00  0.7773454E+00
  5  4 0.160  0.30  0.1062735E+01  0.7405686E+00
  5  5 0.160  0.40  0.1169453E+01  0.7149956E+00
  5  6 0.160  0.50  0.1301062E+01  0.6935524E+00
  5  7 0.160  0.60  0.1453286E+01  0.6706852E+00
  5  8 0.160  0.70  0.1620814E+01  0.6423614E+00
  5  9 0.160  0.80  0.1797250E+01  0.6060208E+00
  5 10 0.160  0.90  0.1975052E+01  0.5604837E+00
  5 11 0.160  1.00  0.2145465E+01  0.5058261E+00

  6  1 0.200  0.00  0.9068918E+00  0.9068918E+00
  6  2 0.200  0.10  0.9208581E+00  0.8204551E+00
  6  3 0.200  0.20  0.9622079E+00  0.7597374E+00
  6  4 0.200  0.30  0.1029288E+01  0.7158166E+00
  6  5 0.200  0.40  0.1119327E+01  0.6807927E+00
  6  6 0.200  0.50  0.1228406E+01  0.6480209E+00
  6  7 0.200  0.60  0.1351422E+01  0.6122648E+00
  6  8 0.200  0.70  0.1482043E+01  0.5697833E+00
  6  9 0.200  0.80  0.1612642E+01  0.5183609E+00
  6 10 0.200  0.90  0.1734238E+01  0.4572926E+00
  6 11 0.200  1.00  0.1836406E+01  0.3873309E+00

  7  1 0.240  0.00  0.8932539E+00  0.8932539E+00
  7  2 0.240  0.10  0.9054239E+00  0.8069332E+00
  7  3 0.240  0.20  0.9413912E+00  0.7431824E+00
  7  4 0.240  0.30  0.9995230E+00  0.6940172E+00
  7  5 0.240  0.40  0.1077080E+01  0.6522635E+00
  7  6 0.240  0.50  0.1170192E+01  0.6118284E+00
  7  7 0.240  0.60  0.1273818E+01  0.5678980E+00
  7  8 0.240  0.70  0.1381704E+01  0.5170741E+00
  7  9 0.240  0.80  0.1486320E+01  0.4574611E+00
  7 10 0.240  0.90  0.1578798E+01  0.3887128E+00
  7 11 0.240  1.00  0.1648848E+01  0.3120455E+00

  8  1 0.280  0.00  0.8792981E+00  0.8792981E+00
  8  2 0.280  0.10  0.8899769E+00  0.7934096E+00
  8  3 0.280  0.20  0.9215055E+00  0.7274635E+00
  8  4 0.280  0.30  0.9723555E+00  0.6743261E+00
  8  5 0.280  0.40  0.1039963E+01  0.6275176E+00
  8  6 0.280  0.50  0.1120707E+01  0.5814930E+00
  8  7 0.280  0.60  0.1209869E+01  0.5318604E+00
  8  8 0.280  0.70  0.1301596E+01  0.4755469E+00
  8  9 0.280  0.80  0.1388844E+01  0.4109235E+00
  8 10 0.280  0.90  0.1463315E+01  0.3378952E+00
  8 11 0.280  1.00  0.1515385E+01  0.2579657E+00

  9  1 0.320  0.00  0.8652132E+00  0.8652132E+00
  9  2 0.320  0.10  0.8746367E+00  0.7799864E+00
  9  3 0.320  0.20  0.9024399E+00  0.7124709E+00
  9  4 0.320  0.30  0.9472168E+00  0.6562847E+00
  9  5 0.320  0.40  0.1006609E+01  0.6055793E+00
  9  6 0.320  0.50  0.1077285E+01  0.5553179E+00
  9  7 0.320  0.60  0.1154905E+01  0.5015032E+00
  9  8 0.320  0.70  0.1234085E+01  0.4413594E+00
  9  9 0.320  0.80  0.1308346E+01  0.3734812E+00
  9 10 0.320  0.90  0.1370057E+01  0.2979548E+00
  9 11 0.320  1.00  0.1410365E+01  0.2164576E+00

 10  1 0.360  0.00  0.8511469E+00  0.8511469E+00
 10  2 0.360  0.10  0.8595016E+00  0.7667478E+00
 10  3 0.360  0.20  0.8841380E+00  0.6981433E+00
 10  4 0.360  0.30  0.9237702E+00  0.6396126E+00
 10  5 0.360  0.40  0.9762407E+00  0.5858724E+00
 10  6 0.360  0.50  0.1038501E+01  0.5323492E+00
 10  7 0.360  0.60  0.1106582E+01  0.4754073E+00
 10  8 0.360  0.70  0.1175560E+01  0.4125397E+00
 10  9 0.360  0.80  0.1239507E+01  0.3425321E+00
 10 10 0.360  0.90  0.1291443E+01  0.2656034E+00
 10 11 0.360  1.00  0.1323272E+01  0.1835315E+00

 11  1 0.400  0.00  0.8372134E+00  0.8372134E+00
 11  2 0.400  0.10  0.8446493E+00  0.7537605E+00
 11  3 0.400  0.20  0.8665668E+00  0.6844416E+00
 11  4 0.400  0.30  0.9017914E+00  0.6241181E+00
 11  5 0.400  0.40  0.9483537E+00  0.5680128E+00
 11  6 0.400  0.50  0.1003470E+01  0.5119718E+00
 11  7 0.400  0.60  0.1063518E+01  0.4526885E+00
 11  8 0.400  0.70  0.1124001E+01  0.3878988E+00
 11  9 0.400  0.80  0.1179508E+01  0.3165515E+00
 11 10 0.400  0.90  0.1223668E+01  0.2389627E+00
 11 11 0.400  1.00  0.1249089E+01  0.1569573E+00

 12  1 0.440  0.00  0.8234989E+00  0.8234989E+00
 12  2 0.440  0.10  0.8301386E+00  0.7410749E+00
 12  3 0.440  0.20  0.8497017E+00  0.6713364E+00
 12  4 0.440  0.30  0.8811172E+00  0.6096599E+00
 12  5 0.440  0.40  0.9225885E+00  0.5517216E+00
 12  6 0.440  0.50  0.9715772E+00  0.4937475E+00
 12  7 0.440  0.60  0.1024779E+01  0.4327307E+00
 12  8 0.440  0.70  0.1078092E+01  0.3666248E+00
 12  9 0.440  0.80  0.1126583E+01  0.2945186E+00
 12 10 0.440  0.90  0.1164440E+01  0.2167962E+00
 12 11 0.440  1.00  0.1184923E+01  0.1352887E+00

 13  1 0.480  0.00  0.8100665E+00  0.8100665E+00
 13  2 0.480  0.10  0.8160113E+00  0.7287272E+00
 13  3 0.480  0.20  0.8335211E+00  0.6588024E+00
 13  4 0.480  0.30  0.8616198E+00  0.5961266E+00
 13  5 0.480  0.40  0.8986704E+00  0.5367838E+00
 13  6 0.480  0.50  0.9423591E+00  0.4773442E+00
 13  7 0.480  0.60  0.9896746E+00  0.4150729E+00
 13  8 0.480  0.70  0.1036880E+01  0.3481195E+00
 13  9 0.480  0.80  0.1079478E+01  0.2756914E+00
 13 10 0.480  0.90  0.1112173E+01  0.1982170E+00
 13 11 0.480  1.00  0.1128825E+01  0.1175012E+00

 14  1 0.520  0.00  0.7969611E+00  0.7969611E+00
 14  2 0.520  0.10  0.8022954E+00  0.7167412E+00
 14  3 0.520  0.20  0.8180029E+00  0.6468157E+00
 14  4 0.520  0.30  0.8431949E+00  0.5834274E+00
 14  5 0.520  0.40  0.8763807E+00  0.5230281E+00
 14  6 0.520  0.50  0.9154537E+00  0.4625005E+00
 14  7 0.520  0.60  0.9576723E+00  0.3993570E+00
 14  8 0.520  0.70  0.9996337E+00  0.3319229E+00
 14  9 0.520  0.80  0.1037244E+01  0.2595058E+00
 14 10 0.520  0.90  0.1065682E+01  0.1825585E+00
 14 11 0.520  1.00  0.1079356E+01  0.1028351E+00

 15  1 0.560  0.00  0.7842125E+00  0.7842125E+00
 15  2 0.560  0.10  0.7890075E+00  0.7051311E+00
 15  3 0.560  0.20  0.8031240E+00  0.6353524E+00
 15  4 0.560  0.30  0.8257535E+00  0.5714854E+00
 15  5 0.560  0.40  0.8555404E+00  0.5103144E+00
 15  6 0.560  0.50  0.8905689E+00  0.4490058E+00
 15  7 0.560  0.60  0.9283453E+00  0.3852974E+00
 15  8 0.560  0.70  0.9657753E+00  0.3176717E+00
 15  9 0.560  0.80  0.9991358E+00  0.2455212E+00
 15 10 0.560  0.90  0.1024042E+01  0.1693063E+00
 15 11 0.560  1.00  0.1035409E+01  0.9071042E-01

 16  1 0.600  0.00  0.7718385E+00  0.7718385E+00
 16  2 0.600  0.10  0.7761547E+00  0.6939026E+00
 16  3 0.600  0.20  0.7888591E+00  0.6243884E+00
 16  4 0.600  0.30  0.8092178E+00  0.5602341E+00
 16  5 0.600  0.40  0.8359993E+00  0.4985252E+00
 16  6 0.600  0.50  0.8674638E+00  0.4366872E+00
 16  7 0.600  0.60  0.9013465E+00  0.3726623E+00
 16  8 0.600  0.70  0.9348372E+00  0.3050746E+00
 16  9 0.600  0.80  0.9645545E+00  0.2333873E+00
 16 10 0.600  0.90  0.9865165E+00  0.1580558E+00
 16 11 0.600  1.00  0.9961054E+00  0.8067775E-01

 17  1 0.640  0.00  0.7598481E+00  0.7598481E+00
 17  2 0.640  0.10  0.7637370E+00  0.6830555E+00
 17  3 0.640  0.20  0.7751824E+00  0.6138994E+00
 17  4 0.640  0.30  0.7935187E+00  0.5496150E+00
 17  5 0.640  0.40  0.8176297E+00  0.4875616E+00
 17  6 0.640  0.50  0.8459376E+00  0.4254008E+00
 17  7 0.640  0.60  0.8763893E+00  0.3612614E+00
 17  8 0.640  0.70  0.9064366E+00  0.2938945E+00
 17  9 0.640  0.80  0.9330142E+00  0.2228225E+00
 17 10 0.640  0.90  0.9525115E+00  0.1484849E+00
 17 11 0.640  1.00  0.9607422E+00  0.7238286E-01

 18  1 0.680  0.00  0.7482427E+00  0.7482427E+00
 18  2 0.680  0.10  0.7517487E+00  0.6725844E+00
 18  3 0.680  0.20  0.7620665E+00  0.6038609E+00
 18  4 0.680  0.30  0.7785940E+00  0.5395758E+00
 18  5 0.680  0.40  0.8003210E+00  0.4773381E+00
 18  6 0.680  0.50  0.8258201E+00  0.4150252E+00
 18  7 0.680  0.60  0.8532336E+00  0.3509360E+00
 18  8 0.680  0.70  0.8802560E+00  0.2839359E+00
 18  9 0.680  0.80  0.9041137E+00  0.2135966E+00
 18 10 0.680  0.90  0.9215402E+00  0.1403335E+00
 18 11 0.680  1.00  0.9287477E+00  0.6554323E-01

 19  1 0.720  0.00  0.7370186E+00  0.7370186E+00
 19  2 0.720  0.10  0.7401802E+00  0.6624807E+00
 19  3 0.720  0.20  0.7494841E+00  0.5942485E+00
 19  4 0.720  0.30  0.7643868E+00  0.5300698E+00
 19  5 0.720  0.40  0.7839769E+00  0.4677811E+00
 19  6 0.720  0.50  0.8069657E+00  0.4054572E+00
 19  7 0.720  0.60  0.8316768E+00  0.3415529E+00
 19  8 0.720  0.70  0.8560294E+00  0.2750365E+00
 19  9 0.720  0.80  0.8775202E+00  0.2055203E+00
 19 10 0.720  0.90  0.8932011E+00  0.1333895E+00
 19 11 0.720  1.00  0.8996537E+00  0.5993109E-01

 20  1 0.760  0.00  0.7261682E+00  0.7261682E+00
 20  2 0.760  0.10  0.7290186E+00  0.6527326E+00
 20  3 0.760  0.20  0.7374074E+00  0.5850384E+00
 20  4 0.760  0.30  0.7508453E+00  0.5210544E+00
 20  5 0.760  0.40  0.7685121E+00  0.4588256E+00
 20  6 0.760  0.50  0.7892485E+00  0.3966082E+00
 20  7 0.760  0.60  0.8115458E+00  0.3329993E+00
 20  8 0.760  0.70  0.8335317E+00  0.2670600E+00
 20  9 0.760  0.80  0.8529538E+00  0.1984365E+00
 20 10 0.760  0.90  0.8671593E+00  0.1274785E+00
 20 11 0.760  1.00  0.8730723E+00  0.5536075E-01

 21  1 0.800  0.00  0.7156808E+00  0.7156808E+00
 21  2 0.800  0.10  0.7182494E+00  0.6433274E+00
 21  3 0.800  0.20  0.7258091E+00  0.5762070E+00
 21  4 0.800  0.30  0.7379215E+00  0.5124910E+00
 21  5 0.800  0.40  0.7538513E+00  0.4504150E+00
 21  6 0.800  0.50  0.7725589E+00  0.3884016E+00
 21  7 0.800  0.60  0.7926918E+00  0.3251786E+00
 21  8 0.800  0.70  0.8125713E+00  0.2598913E+00
 21  9 0.800  0.80  0.8301781E+00  0.1922131E+00
 21 10 0.800  0.90  0.8431336E+00  0.1224556E+00
 21 11 0.800  1.00  0.8486803E+00  0.5167951E-01

 22  1 0.840  0.00  0.7055444E+00  0.7055444E+00
 22  2 0.840  0.10  0.7078565E+00  0.6342508E+00
 22  3 0.840  0.20  0.7146629E+00  0.5677322E+00
 22  4 0.840  0.30  0.7255720E+00  0.5043447E+00
 22  5 0.840  0.40  0.7399275E+00  0.4424989E+00
 22  6 0.840  0.50  0.7568014E+00  0.3807708E+00
 22  7 0.840  0.60  0.7749865E+00  0.3180080E+00
 22  8 0.840  0.70  0.7929841E+00  0.2534321E+00
 22  9 0.840  0.80  0.8089918E+00  0.1867389E+00
 22 10 0.840  0.90  0.8208864E+00  0.1181993E+00
 22 11 0.840  1.00  0.8262063E+00  0.4876039E-01

 23  1 0.880  0.00  0.6957449E+00  0.6957449E+00
 23  2 0.880  0.10  0.6978233E+00  0.6254876E+00
 23  3 0.880  0.20  0.7039430E+00  0.5595921E+00
 23  4 0.880  0.30  0.7137563E+00  0.4965832E+00
 23  5 0.880  0.40  0.7266804E+00  0.4350326E+00
 23  6 0.880  0.50  0.7418915E+00  0.3736575E+00
 23  7 0.880  0.60  0.7583175E+00  0.3114159E+00
 23  8 0.880  0.70  0.7746279E+00  0.2475984E+00
 23  9 0.880  0.80  0.7892221E+00  0.1819195E+00
 23 10 0.880  0.90  0.8002149E+00  0.1146075E+00
 23 11 0.880  1.00  0.8054205E+00  0.4649751E-01

 24  1 0.920  0.00  0.6862683E+00  0.6862683E+00
 24  2 0.920  0.10  0.6881329E+00  0.6170234E+00
 24  3 0.920  0.20  0.6936247E+00  0.5517663E+00
 24  4 0.920  0.30  0.7024372E+00  0.4891773E+00
 24  5 0.920  0.40  0.7140561E+00  0.4279762E+00
 24  6 0.920  0.50  0.7277547E+00  0.3670106E+00
 24  7 0.920  0.60  0.7425871E+00  0.3053398E+00
 24  8 0.920  0.70  0.7573797E+00  0.2423179E+00
 24  9 0.920  0.80  0.7707202E+00  0.1776738E+00
 24 10 0.920  0.90  0.7809457E+00  0.1115932E+00
 24 11 0.920  1.00  0.7861278E+00  0.4480135E-01

 25  1 0.960  0.00  0.6770998E+00  0.6770998E+00
 25  2 0.960  0.10  0.6787683E+00  0.6088427E+00
 25  3 0.960  0.20  0.6836847E+00  0.5442352E+00
 25  4 0.960  0.30  0.6915806E+00  0.4821001E+00
 25  5 0.960  0.40  0.7020059E+00  0.4212939E+00
 25  6 0.960  0.50  0.7143246E+00  0.3607846E+00
 25  7 0.960  0.60  0.7277090E+00  0.2997253E+00
 25  8 0.960  0.70  0.7411317E+00  0.2375274E+00
 25  9 0.960  0.80  0.7533570E+00  0.1739322E+00
 25 10 0.960  0.90  0.7629293E+00  0.1090823E+00
 25 11 0.960  1.00  0.7681608E+00  0.4359591E-01

 26  1 1.000  0.00  0.6682250E+00  0.6682250E+00
 26  2 1.000  0.10  0.6697024E+00  0.6009215E+00
 26  3 1.000  0.20  0.6740538E+00  0.5369433E+00
 26  4 1.000  0.30  0.6810378E+00  0.4752454E+00
 26  5 1.000  0.40  0.6902487E+00  0.4148113E+00
 26  6 1.000  0.50  0.7011133E+00  0.3547226E+00
 26  7 1.000  0.60  0.7128860E+00  0.2942270E+00
 26  8 1.000  0.70  0.7246412E+00  0.2328036E+00
 26  9 1.000  0.80  0.7352654E+00  0.1702285E+00
 26 10 1.000  0.90  0.7434474E+00  0.1066398E+00
 26 11 1.000  1.00  0.7476667E+00  0.4260518E-01
