# getMm vers. 0.1 starts...
#ROWS=   51
#COLS=   11
#theta=  0.7853982E+00   #radians =  45.00 deg.
#iao2c iaob a/2c a/B     Mm          phi
  1  1 0.000  0.00  0.9583645E+00  0.1000000E+01
  1  2 0.000  0.10  0.9929205E+00  0.1000000E+01
  1  3 0.000  0.20  0.1109918E+01  0.1000000E+01
  1  4 0.000  0.30  0.1349462E+01  0.1000000E+01
  1  5 0.000  0.40  0.1778791E+01  0.1000000E+01
  1  6 0.000  0.50  0.2492859E+01  0.1000000E+01
  1  7 0.000  0.60  0.3615167E+01  0.1000000E+01
  1  8 0.000  0.70  0.5298818E+01  0.1000000E+01
  1  9 0.000  0.80  0.7727817E+01  0.1000000E+01
  1 10 0.000  0.90  0.1111860E+02  0.1000000E+01
  1 11 0.000  1.00  0.1572180E+02  0.1000000E+01

  2  1 0.020  0.00  0.9522585E+00  0.1003607E+01
  2  2 0.020  0.10  0.9796993E+00  0.1003607E+01
  2  3 0.020  0.20  0.1066493E+01  0.1003607E+01
  2  4 0.020  0.30  0.1226090E+01  0.1003607E+01
  2  5 0.020  0.40  0.1481044E+01  0.1003607E+01
  2  6 0.020  0.50  0.1863195E+01  0.1003607E+01
  2  7 0.020  0.60  0.2413956E+01  0.1003607E+01
  2  8 0.020  0.70  0.3184653E+01  0.1003607E+01
  2  9 0.020  0.80  0.4236962E+01  0.1003607E+01
  2 10 0.020  0.90  0.5643410E+01  0.1003607E+01
  2 11 0.020  1.00  0.7487965E+01  0.1003607E+01

  3  1 0.040  0.00  0.9431428E+00  0.1011276E+01
  3  2 0.040  0.10  0.9656799E+00  0.1011276E+01
  3  3 0.040  0.20  0.1034403E+01  0.1011276E+01
  3  4 0.040  0.30  0.1152655E+01  0.1011276E+01
  3  5 0.040  0.40  0.1326040E+01  0.1011276E+01
  3  6 0.040  0.50  0.1562468E+01  0.1011276E+01
  3  7 0.040  0.60  0.1872218E+01  0.1011276E+01
  3  8 0.040  0.70  0.2268024E+01  0.1011276E+01
  3  9 0.040  0.80  0.2765174E+01  0.1011276E+01
  3 10 0.040  0.90  0.3381628E+01  0.1011276E+01
  3 11 0.040  1.00  0.4138160E+01  0.1011276E+01

  4  1 0.060  0.00  0.9321894E+00  0.1021899E+01
  4  2 0.060  0.10  0.9511277E+00  0.1021899E+01
  4  3 0.060  0.20  0.1007862E+01  0.1021899E+01
  4  4 0.060  0.30  0.1102147E+01  0.1021899E+01
  4  5 0.060  0.40  0.1233572E+01  0.1021899E+01
  4  6 0.060  0.50  0.1401553E+01  0.1021899E+01
  4  7 0.060  0.60  0.1605320E+01  0.1021899E+01
  4  8 0.060  0.70  0.1843911E+01  0.1021899E+01
  4  9 0.060  0.80  0.2116153E+01  0.1021899E+01
  4 10 0.060  0.90  0.2420649E+01  0.1021899E+01
  4 11 0.060  1.00  0.2755751E+01  0.1021899E+01

  5  1 0.080  0.00  0.9199722E+00  0.1034977E+01
  5  2 0.080  0.10  0.9361417E+00  0.1034977E+01
  5  3 0.080  0.20  0.9841906E+00  0.1034977E+01
  5  4 0.080  0.30  0.1062735E+01  0.1034977E+01
  5  5 0.080  0.40  0.1169453E+01  0.1034977E+01
  5  6 0.080  0.50  0.1301062E+01  0.1034977E+01
  5  7 0.080  0.60  0.1453286E+01  0.1034977E+01
  5  8 0.080  0.70  0.1620814E+01  0.1034977E+01
  5  9 0.080  0.80  0.1797250E+01  0.1034977E+01
  5 10 0.080  0.90  0.1975052E+01  0.1034977E+01
  5 11 0.080  1.00  0.2145465E+01  0.1034977E+01

  6  1 0.100  0.00  0.9068918E+00  0.1050171E+01
  6  2 0.100  0.10  0.9208581E+00  0.1050171E+01
  6  3 0.100  0.20  0.9622079E+00  0.1050171E+01
  6  4 0.100  0.30  0.1029288E+01  0.1050171E+01
  6  5 0.100  0.40  0.1119327E+01  0.1050171E+01
  6  6 0.100  0.50  0.1228406E+01  0.1050171E+01
  6  7 0.100  0.60  0.1351422E+01  0.1050171E+01
  6  8 0.100  0.70  0.1482043E+01  0.1050171E+01
  6  9 0.100  0.80  0.1612642E+01  0.1050171E+01
  6 10 0.100  0.90  0.1734238E+01  0.1050171E+01
  6 11 0.100  1.00  0.1836406E+01  0.1050171E+01

  7  1 0.120  0.00  0.8932539E+00  0.1067221E+01
  7  2 0.120  0.10  0.9054239E+00  0.1067221E+01
  7  3 0.120  0.20  0.9413912E+00  0.1067221E+01
  7  4 0.120  0.30  0.9995230E+00  0.1067221E+01
  7  5 0.120  0.40  0.1077080E+01  0.1067221E+01
  7  6 0.120  0.50  0.1170192E+01  0.1067221E+01
  7  7 0.120  0.60  0.1273818E+01  0.1067221E+01
  7  8 0.120  0.70  0.1381704E+01  0.1067221E+01
  7  9 0.120  0.80  0.1486320E+01  0.1067221E+01
  7 10 0.120  0.90  0.1578798E+01  0.1067221E+01
  7 11 0.120  1.00  0.1648848E+01  0.1067221E+01

  8  1 0.140  0.00  0.8792981E+00  0.1085912E+01
  8  2 0.140  0.10  0.8899769E+00  0.1085912E+01
  8  3 0.140  0.20  0.9215055E+00  0.1085912E+01
  8  4 0.140  0.30  0.9723555E+00  0.1085912E+01
  8  5 0.140  0.40  0.1039963E+01  0.1085912E+01
  8  6 0.140  0.50  0.1120707E+01  0.1085912E+01
  8  7 0.140  0.60  0.1209869E+01  0.1085912E+01
  8  8 0.140  0.70  0.1301596E+01  0.1085912E+01
  8  9 0.140  0.80  0.1388844E+01  0.1085912E+01
  8 10 0.140  0.90  0.1463315E+01  0.1085912E+01
  8 11 0.140  1.00  0.1515385E+01  0.1085912E+01

  9  1 0.160  0.00  0.8652132E+00  0.1106064E+01
  9  2 0.160  0.10  0.8746367E+00  0.1106064E+01
  9  3 0.160  0.20  0.9024399E+00  0.1106064E+01
  9  4 0.160  0.30  0.9472168E+00  0.1106064E+01
  9  5 0.160  0.40  0.1006609E+01  0.1106064E+01
  9  6 0.160  0.50  0.1077285E+01  0.1106064E+01
  9  7 0.160  0.60  0.1154905E+01  0.1106064E+01
  9  8 0.160  0.70  0.1234085E+01  0.1106064E+01
  9  9 0.160  0.80  0.1308346E+01  0.1106064E+01
  9 10 0.160  0.90  0.1370057E+01  0.1106064E+01
  9 11 0.160  1.00  0.1410365E+01  0.1106064E+01

 10  1 0.180  0.00  0.8511469E+00  0.1127517E+01
 10  2 0.180  0.10  0.8595016E+00  0.1127517E+01
 10  3 0.180  0.20  0.8841380E+00  0.1127517E+01
 10  4 0.180  0.30  0.9237702E+00  0.1127517E+01
 10  5 0.180  0.40  0.9762407E+00  0.1127517E+01
 10  6 0.180  0.50  0.1038501E+01  0.1127517E+01
 10  7 0.180  0.60  0.1106582E+01  0.1127517E+01
 10  8 0.180  0.70  0.1175560E+01  0.1127517E+01
 10  9 0.180  0.80  0.1239507E+01  0.1127517E+01
 10 10 0.180  0.90  0.1291443E+01  0.1127517E+01
 10 11 0.180  1.00  0.1323272E+01  0.1127517E+01

 11  1 0.200  0.00  0.8372134E+00  0.1150133E+01
 11  2 0.200  0.10  0.8446493E+00  0.1150133E+01
 11  3 0.200  0.20  0.8665668E+00  0.1150133E+01
 11  4 0.200  0.30  0.9017914E+00  0.1150133E+01
 11  5 0.200  0.40  0.9483537E+00  0.1150133E+01
 11  6 0.200  0.50  0.1003470E+01  0.1150133E+01
 11  7 0.200  0.60  0.1063518E+01  0.1150133E+01
 11  8 0.200  0.70  0.1124001E+01  0.1150133E+01
 11  9 0.200  0.80  0.1179508E+01  0.1150133E+01
 11 10 0.200  0.90  0.1223668E+01  0.1150133E+01
 11 11 0.200  1.00  0.1249089E+01  0.1150133E+01

 12  1 0.220  0.00  0.8234989E+00  0.1173788E+01
 12  2 0.220  0.10  0.8301386E+00  0.1173788E+01
 12  3 0.220  0.20  0.8497017E+00  0.1173788E+01
 12  4 0.220  0.30  0.8811172E+00  0.1173788E+01
 12  5 0.220  0.40  0.9225885E+00  0.1173788E+01
 12  6 0.220  0.50  0.9715772E+00  0.1173788E+01
 12  7 0.220  0.60  0.1024779E+01  0.1173788E+01
 12  8 0.220  0.70  0.1078092E+01  0.1173788E+01
 12  9 0.220  0.80  0.1126583E+01  0.1173788E+01
 12 10 0.220  0.90  0.1164440E+01  0.1173788E+01
 12 11 0.220  1.00  0.1184923E+01  0.1173788E+01

 13  1 0.240  0.00  0.8100665E+00  0.1198375E+01
 13  2 0.240  0.10  0.8160113E+00  0.1198375E+01
 13  3 0.240  0.20  0.8335211E+00  0.1198375E+01
 13  4 0.240  0.30  0.8616198E+00  0.1198375E+01
 13  5 0.240  0.40  0.8986704E+00  0.1198375E+01
 13  6 0.240  0.50  0.9423591E+00  0.1198375E+01
 13  7 0.240  0.60  0.9896746E+00  0.1198375E+01
 13  8 0.240  0.70  0.1036880E+01  0.1198375E+01
 13  9 0.240  0.80  0.1079478E+01  0.1198375E+01
 13 10 0.240  0.90  0.1112173E+01  0.1198375E+01
 13 11 0.240  1.00  0.1128825E+01  0.1198375E+01

 14  1 0.260  0.00  0.7969611E+00  0.1223796E+01
 14  2 0.260  0.10  0.8022954E+00  0.1223796E+01
 14  3 0.260  0.20  0.8180029E+00  0.1223796E+01
 14  4 0.260  0.30  0.8431949E+00  0.1223796E+01
 14  5 0.260  0.40  0.8763807E+00  0.1223796E+01
 14  6 0.260  0.50  0.9154537E+00  0.1223796E+01
 14  7 0.260  0.60  0.9576723E+00  0.1223796E+01
 14  8 0.260  0.70  0.9996337E+00  0.1223796E+01
 14  9 0.260  0.80  0.1037244E+01  0.1223796E+01
 14 10 0.260  0.90  0.1065682E+01  0.1223796E+01
 14 11 0.260  1.00  0.1079356E+01  0.1223796E+01

 15  1 0.280  0.00  0.7842125E+00  0.1249963E+01
 15  2 0.280  0.10  0.7890075E+00  0.1249963E+01
 15  3 0.280  0.20  0.8031240E+00  0.1249963E+01
 15  4 0.280  0.30  0.8257535E+00  0.1249963E+01
 15  5 0.280  0.40  0.8555404E+00  0.1249963E+01
 15  6 0.280  0.50  0.8905689E+00  0.1249963E+01
 15  7 0.280  0.60  0.9283453E+00  0.1249963E+01
 15  8 0.280  0.70  0.9657753E+00  0.1249963E+01
 15  9 0.280  0.80  0.9991358E+00  0.1249963E+01
 15 10 0.280  0.90  0.1024042E+01  0.1249963E+01
 15 11 0.280  1.00  0.1035409E+01  0.1249963E+01

 16  1 0.300  0.00  0.7718385E+00  0.1276800E+01
 16  2 0.300  0.10  0.7761547E+00  0.1276800E+01
 16  3 0.300  0.20  0.7888591E+00  0.1276800E+01
 16  4 0.300  0.30  0.8092178E+00  0.1276800E+01
 16  5 0.300  0.40  0.8359993E+00  0.1276800E+01
 16  6 0.300  0.50  0.8674638E+00  0.1276800E+01
 16  7 0.300  0.60  0.9013465E+00  0.1276800E+01
 16  8 0.300  0.70  0.9348372E+00  0.1276800E+01
 16  9 0.300  0.80  0.9645545E+00  0.1276800E+01
 16 10 0.300  0.90  0.9865165E+00  0.1276800E+01
 16 11 0.300  1.00  0.9961054E+00  0.1276800E+01

 17  1 0.320  0.00  0.7598481E+00  0.1304236E+01
 17  2 0.320  0.10  0.7637370E+00  0.1304236E+01
 17  3 0.320  0.20  0.7751824E+00  0.1304236E+01
 17  4 0.320  0.30  0.7935187E+00  0.1304236E+01
 17  5 0.320  0.40  0.8176297E+00  0.1304236E+01
 17  6 0.320  0.50  0.8459376E+00  0.1304236E+01
 17  7 0.320  0.60  0.8763893E+00  0.1304236E+01
 17  8 0.320  0.70  0.9064366E+00  0.1304236E+01
 17  9 0.320  0.80  0.9330142E+00  0.1304236E+01
 17 10 0.320  0.90  0.9525115E+00  0.1304236E+01
 17 11 0.320  1.00  0.9607422E+00  0.1304236E+01

 18  1 0.340  0.00  0.7482427E+00  0.1332210E+01
 18  2 0.340  0.10  0.7517487E+00  0.1332210E+01
 18  3 0.340  0.20  0.7620665E+00  0.1332210E+01
 18  4 0.340  0.30  0.7785940E+00  0.1332210E+01
 18  5 0.340  0.40  0.8003210E+00  0.1332210E+01
 18  6 0.340  0.50  0.8258201E+00  0.1332210E+01
 18  7 0.340  0.60  0.8532336E+00  0.1332210E+01
 18  8 0.340  0.70  0.8802560E+00  0.1332210E+01
 18  9 0.340  0.80  0.9041137E+00  0.1332210E+01
 18 10 0.340  0.90  0.9215402E+00  0.1332210E+01
 18 11 0.340  1.00  0.9287477E+00  0.1332210E+01

 19  1 0.360  0.00  0.7370186E+00  0.1360666E+01
 19  2 0.360  0.10  0.7401802E+00  0.1360666E+01
 19  3 0.360  0.20  0.7494841E+00  0.1360666E+01
 19  4 0.360  0.30  0.7643868E+00  0.1360666E+01
 19  5 0.360  0.40  0.7839769E+00  0.1360666E+01
 19  6 0.360  0.50  0.8069657E+00  0.1360666E+01
 19  7 0.360  0.60  0.8316768E+00  0.1360666E+01
 19  8 0.360  0.70  0.8560294E+00  0.1360666E+01
 19  9 0.360  0.80  0.8775202E+00  0.1360666E+01
 19 10 0.360  0.90  0.8932011E+00  0.1360666E+01
 19 11 0.360  1.00  0.8996537E+00  0.1360666E+01

 20  1 0.380  0.00  0.7261682E+00  0.1389553E+01
 20  2 0.380  0.10  0.7290186E+00  0.1389553E+01
 20  3 0.380  0.20  0.7374074E+00  0.1389553E+01
 20  4 0.380  0.30  0.7508453E+00  0.1389553E+01
 20  5 0.380  0.40  0.7685121E+00  0.1389553E+01
 20  6 0.380  0.50  0.7892485E+00  0.1389553E+01
 20  7 0.380  0.60  0.8115458E+00  0.1389553E+01
 20  8 0.380  0.70  0.8335317E+00  0.1389553E+01
 20  9 0.380  0.80  0.8529538E+00  0.1389553E+01
 20 10 0.380  0.90  0.8671593E+00  0.1389553E+01
 20 11 0.380  1.00  0.8730723E+00  0.1389553E+01

 21  1 0.400  0.00  0.7156808E+00  0.1418827E+01
 21  2 0.400  0.10  0.7182494E+00  0.1418827E+01
 21  3 0.400  0.20  0.7258091E+00  0.1418827E+01
 21  4 0.400  0.30  0.7379215E+00  0.1418827E+01
 21  5 0.400  0.40  0.7538513E+00  0.1418827E+01
 21  6 0.400  0.50  0.7725589E+00  0.1418827E+01
 21  7 0.400  0.60  0.7926918E+00  0.1418827E+01
 21  8 0.400  0.70  0.8125713E+00  0.1418827E+01
 21  9 0.400  0.80  0.8301781E+00  0.1418827E+01
 21 10 0.400  0.90  0.8431336E+00  0.1418827E+01
 21 11 0.400  1.00  0.8486803E+00  0.1418827E+01

 22  1 0.420  0.00  0.7055444E+00  0.1448447E+01
 22  2 0.420  0.10  0.7078565E+00  0.1448447E+01
 22  3 0.420  0.20  0.7146629E+00  0.1448447E+01
 22  4 0.420  0.30  0.7255720E+00  0.1448447E+01
 22  5 0.420  0.40  0.7399275E+00  0.1448447E+01
 22  6 0.420  0.50  0.7568014E+00  0.1448447E+01
 22  7 0.420  0.60  0.7749865E+00  0.1448447E+01
 22  8 0.420  0.70  0.7929841E+00  0.1448447E+01
 22  9 0.420  0.80  0.8089918E+00  0.1448447E+01
 22 10 0.420  0.90  0.8208864E+00  0.1448447E+01
 22 11 0.420  1.00  0.8262063E+00  0.1448447E+01

 23  1 0.440  0.00  0.6957449E+00  0.1478377E+01
 23  2 0.440  0.10  0.6978233E+00  0.1478377E+01
 23  3 0.440  0.20  0.7039430E+00  0.1478377E+01
 23  4 0.440  0.30  0.7137563E+00  0.1478377E+01
 23  5 0.440  0.40  0.7266804E+00  0.1478377E+01
 23  6 0.440  0.50  0.7418915E+00  0.1478377E+01
 23  7 0.440  0.60  0.7583175E+00  0.1478377E+01
 23  8 0.440  0.70  0.7746279E+00  0.1478377E+01
 23  9 0.440  0.80  0.7892221E+00  0.1478377E+01
 23 10 0.440  0.90  0.8002149E+00  0.1478377E+01
 23 11 0.440  1.00  0.8054205E+00  0.1478377E+01

 24  1 0.460  0.00  0.6862683E+00  0.1508584E+01
 24  2 0.460  0.10  0.6881329E+00  0.1508584E+01
 24  3 0.460  0.20  0.6936247E+00  0.1508584E+01
 24  4 0.460  0.30  0.7024372E+00  0.1508584E+01
 24  5 0.460  0.40  0.7140561E+00  0.1508584E+01
 24  6 0.460  0.50  0.7277547E+00  0.1508584E+01
 24  7 0.460  0.60  0.7425871E+00  0.1508584E+01
 24  8 0.460  0.70  0.7573797E+00  0.1508584E+01
 24  9 0.460  0.80  0.7707202E+00  0.1508584E+01
 24 10 0.460  0.90  0.7809457E+00  0.1508584E+01
 24 11 0.460  1.00  0.7861278E+00  0.1508584E+01

 25  1 0.480  0.00  0.6770998E+00  0.1539038E+01
 25  2 0.480  0.10  0.6787683E+00  0.1539038E+01
 25  3 0.480  0.20  0.6836847E+00  0.1539038E+01
 25  4 0.480  0.30  0.6915806E+00  0.1539038E+01
 25  5 0.480  0.40  0.7020059E+00  0.1539038E+01
 25  6 0.480  0.50  0.7143246E+00  0.1539038E+01
 25  7 0.480  0.60  0.7277090E+00  0.1539038E+01
 25  8 0.480  0.70  0.7411317E+00  0.1539038E+01
 25  9 0.480  0.80  0.7533570E+00  0.1539038E+01
 25 10 0.480  0.90  0.7629293E+00  0.1539038E+01
 25 11 0.480  1.00  0.7681608E+00  0.1539038E+01

 26  1 0.500  0.00  0.6682250E+00  0.1569713E+01
 26  2 0.500  0.10  0.6697024E+00  0.1569713E+01
 26  3 0.500  0.20  0.6740538E+00  0.1569713E+01
 26  4 0.500  0.30  0.6810378E+00  0.1569713E+01
 26  5 0.500  0.40  0.6902487E+00  0.1569713E+01
 26  6 0.500  0.50  0.7011133E+00  0.1569713E+01
 26  7 0.500  0.60  0.7128860E+00  0.1569713E+01
 26  8 0.500  0.70  0.7246412E+00  0.1569713E+01
 26  9 0.500  0.80  0.7352654E+00  0.1569713E+01
 26 10 0.500  0.90  0.7434474E+00  0.1569713E+01
 26 11 0.500  1.00  0.7476667E+00  0.1569713E+01
