# getMm vers. 0.1 starts...
#ROWS=   51
#COLS=   11
#theta=  0.7853982E+00   #radians =  45.00 deg.
# iao2c  iaob   a/2c   a/B     Mm   phi
 27  1 0.520  0.00  0.6604313E+00  0.1540214E+01
 27  2 0.520  0.10  0.6617234E+00  0.1540214E+01
 27  3 0.520  0.20  0.6655300E+00  0.1540214E+01
 27  4 0.520  0.30  0.6716423E+00  0.1540214E+01
 27  5 0.520  0.40  0.6797096E+00  0.1540214E+01
 27  6 0.520  0.50  0.6892369E+00  0.1540214E+01
 27  7 0.520  0.60  0.6995800E+00  0.1540214E+01
 27  8 0.520  0.70  0.7099400E+00  0.1540214E+01
 27  9 0.520  0.80  0.7193566E+00  0.1540214E+01
 27 10 0.520  0.90  0.7266997E+00  0.1540214E+01
 27 11 0.520  1.00  0.7306600E+00  0.1540214E+01

 28  1 0.540  0.00  0.6529732E+00  0.1513080E+01
 28  2 0.540  0.10  0.6541101E+00  0.1513080E+01
 28  3 0.540  0.20  0.6574605E+00  0.1513080E+01
 28  4 0.540  0.30  0.6628425E+00  0.1513080E+01
 28  5 0.540  0.40  0.6699516E+00  0.1513080E+01
 28  6 0.540  0.50  0.6783578E+00  0.1513080E+01
 28  7 0.540  0.60  0.6875017E+00  0.1513080E+01
 28  8 0.540  0.70  0.6966900E+00  0.1513080E+01
 28  9 0.540  0.80  0.7050899E+00  0.1513080E+01
 28 10 0.540  0.90  0.7117221E+00  0.1513080E+01
 28 11 0.540  1.00  0.7154527E+00  0.1513080E+01

 29  1 0.560  0.00  0.6458212E+00  0.1488057E+01
 29  2 0.560  0.10  0.6468272E+00  0.1488057E+01
 29  3 0.560  0.20  0.6497926E+00  0.1488057E+01
 29  4 0.560  0.30  0.6545585E+00  0.1488057E+01
 29  5 0.560  0.40  0.6608590E+00  0.1488057E+01
 29  6 0.560  0.50  0.6683187E+00  0.1488057E+01
 29  7 0.560  0.60  0.6764495E+00  0.1488057E+01
 29  8 0.560  0.70  0.6846467E+00  0.1488057E+01
 29  9 0.560  0.80  0.6921844E+00  0.1488057E+01
 29 10 0.560  0.90  0.6982094E+00  0.1488057E+01
 29 11 0.560  1.00  0.7017348E+00  0.1488057E+01

 30  1 0.580  0.00  0.6389486E+00  0.1464924E+01
 30  2 0.580  0.10  0.6398435E+00  0.1464924E+01
 30  3 0.580  0.20  0.6424820E+00  0.1464924E+01
 30  4 0.580  0.30  0.6467248E+00  0.1464924E+01
 30  5 0.580  0.40  0.6523386E+00  0.1464924E+01
 30  6 0.580  0.50  0.6589938E+00  0.1464924E+01
 30  7 0.580  0.60  0.6662630E+00  0.1464924E+01
 30  8 0.580  0.70  0.6736161E+00  0.1464924E+01
 30  9 0.580  0.80  0.6804174E+00  0.1464924E+01
 30 10 0.580  0.90  0.6859201E+00  0.1464924E+01
 30 11 0.580  1.00  0.6892610E+00  0.1464924E+01

 31  1 0.600  0.00  0.6323329E+00  0.1443488E+01
 31  2 0.600  0.10  0.6331329E+00  0.1443488E+01
 31  3 0.600  0.20  0.6354922E+00  0.1443488E+01
 31  4 0.600  0.30  0.6392879E+00  0.1443488E+01
 31  5 0.600  0.40  0.6443147E+00  0.1443488E+01
 31  6 0.600  0.50  0.6502823E+00  0.1443488E+01
 31  7 0.600  0.60  0.6568141E+00  0.1443488E+01
 31  8 0.600  0.70  0.6634437E+00  0.1443488E+01
 31  9 0.600  0.80  0.6696120E+00  0.1443488E+01
 31 10 0.600  0.90  0.6746623E+00  0.1443488E+01
 31 11 0.600  1.00  0.6778364E+00  0.1443488E+01

 32  1 0.620  0.00  0.6259537E+00  0.1423582E+01
 32  2 0.620  0.10  0.6266721E+00  0.1423582E+01
 32  3 0.620  0.20  0.6287916E+00  0.1423582E+01
 32  4 0.620  0.30  0.6322033E+00  0.1423582E+01
 32  5 0.620  0.40  0.6367254E+00  0.1423582E+01
 32  6 0.620  0.50  0.6421016E+00  0.1423582E+01
 32  7 0.620  0.60  0.6479986E+00  0.1423582E+01
 32  8 0.620  0.70  0.6540046E+00  0.1423582E+01
 32  9 0.620  0.80  0.6596254E+00  0.1423582E+01
 32 10 0.620  0.90  0.6642815E+00  0.1423582E+01
 32 11 0.620  1.00  0.6673038E+00  0.1423582E+01

 33  1 0.640  0.00  0.6197931E+00  0.1405060E+01
 33  2 0.640  0.10  0.6204412E+00  0.1405060E+01
 33  3 0.640  0.20  0.6223534E+00  0.1405060E+01
 33  4 0.640  0.30  0.6254334E+00  0.1405060E+01
 33  5 0.640  0.40  0.6295195E+00  0.1405060E+01
 33  6 0.640  0.50  0.6343842E+00  0.1405060E+01
 33  7 0.640  0.60  0.6397319E+00  0.1405060E+01
 33  8 0.640  0.70  0.6451972E+00  0.1405060E+01
 33  9 0.640  0.80  0.6503417E+00  0.1405060E+01
 33 10 0.640  0.90  0.6546522E+00  0.1405060E+01
 33 11 0.640  1.00  0.6575359E+00  0.1405060E+01

 34  1 0.660  0.00  0.6138354E+00  0.1387791E+01
 34  2 0.660  0.10  0.6144224E+00  0.1387791E+01
 34  3 0.660  0.20  0.6161547E+00  0.1387791E+01
 34  4 0.660  0.30  0.6189467E+00  0.1387791E+01
 34  5 0.660  0.40  0.6226541E+00  0.1387791E+01
 34  6 0.660  0.50  0.6270744E+00  0.1387791E+01
 34  7 0.660  0.60  0.6319441E+00  0.1387791E+01
 34  8 0.660  0.70  0.6369380E+00  0.1387791E+01
 34  9 0.660  0.80  0.6416663E+00  0.1387791E+01
 34 10 0.660  0.90  0.6456721E+00  0.1387791E+01
 34 11 0.660  1.00  0.6484287E+00  0.1387791E+01

 35  1 0.680  0.00  0.6080666E+00  0.1371663E+01
 35  2 0.680  0.10  0.6086003E+00  0.1371663E+01
 35  3 0.680  0.20  0.6101758E+00  0.1371663E+01
 35  4 0.680  0.30  0.6127164E+00  0.1371663E+01
 35  5 0.680  0.40  0.6160934E+00  0.1371663E+01
 35  6 0.680  0.50  0.6201255E+00  0.1371663E+01
 35  7 0.680  0.60  0.6245773E+00  0.1371663E+01
 35  8 0.680  0.70  0.6291586E+00  0.1371663E+01
 35  9 0.680  0.80  0.6335209E+00  0.1371663E+01
 35 10 0.680  0.90  0.6372568E+00  0.1371663E+01
 35 11 0.680  1.00  0.6398962E+00  0.1371663E+01

 36  1 0.700  0.00  0.6024741E+00  0.1356573E+01
 36  2 0.700  0.10  0.6029611E+00  0.1356573E+01
 36  3 0.700  0.20  0.6043992E+00  0.1356573E+01
 36  4 0.700  0.30  0.6067196E+00  0.1356573E+01
 36  5 0.700  0.40  0.6098068E+00  0.1356573E+01
 36  6 0.700  0.50  0.6134983E+00  0.1356573E+01
 36  7 0.700  0.60  0.6175833E+00  0.1356573E+01
 36  8 0.700  0.70  0.6218013E+00  0.1356573E+01
 36  9 0.700  0.80  0.6258406E+00  0.1356573E+01
 36 10 0.700  0.90  0.6293361E+00  0.1356573E+01
 36 11 0.700  1.00  0.6318672E+00  0.1356573E+01

 37  1 0.720  0.00  0.5970466E+00  0.1342433E+01
 37  2 0.720  0.10  0.5974925E+00  0.1342433E+01
 37  3 0.720  0.20  0.5988097E+00  0.1342433E+01
 37  4 0.720  0.30  0.6009363E+00  0.1342433E+01
 37  5 0.720  0.40  0.6037684E+00  0.1342433E+01
 37  6 0.720  0.50  0.6071599E+00  0.1342433E+01
 37  7 0.720  0.60  0.6109212E+00  0.1342433E+01
 37  8 0.720  0.70  0.6148183E+00  0.1342433E+01
 37  9 0.720  0.80  0.6185710E+00  0.1342433E+01
 37 10 0.720  0.90  0.6218515E+00  0.1342433E+01
 37 11 0.720  1.00  0.6242822E+00  0.1342433E+01

 38  1 0.740  0.00  0.5917740E+00  0.1329162E+01
 38  2 0.740  0.10  0.5921836E+00  0.1329162E+01
 38  3 0.740  0.20  0.5933941E+00  0.1329162E+01
 38  4 0.740  0.30  0.5953494E+00  0.1329162E+01
 38  5 0.740  0.40  0.5979561E+00  0.1329162E+01
 38  6 0.740  0.50  0.6010822E+00  0.1329162E+01
 38  7 0.740  0.60  0.6045569E+00  0.1329162E+01
 38  8 0.740  0.70  0.6081690E+00  0.1329162E+01
 38  9 0.740  0.80  0.6116665E+00  0.1329162E+01
 38 10 0.740  0.90  0.6147538E+00  0.1329162E+01
 38 11 0.740  1.00  0.6170911E+00  0.1329162E+01

 39  1 0.760  0.00  0.5866472E+00  0.1316688E+01
 39  2 0.760  0.10  0.5870247E+00  0.1316688E+01
 39  3 0.760  0.20  0.5881404E+00  0.1316688E+01
 39  4 0.760  0.30  0.5899439E+00  0.1316688E+01
 39  5 0.760  0.40  0.5923505E+00  0.1316688E+01
 39  6 0.760  0.50  0.5952408E+00  0.1316688E+01
 39  7 0.760  0.60  0.5984606E+00  0.1316688E+01
 39  8 0.760  0.70  0.6018191E+00  0.1316688E+01
 39  9 0.760  0.80  0.6050882E+00  0.1316688E+01
 39 10 0.760  0.90  0.6080013E+00  0.1316688E+01
 39 11 0.760  1.00  0.6102515E+00  0.1316688E+01

 40  1 0.780  0.00  0.5816578E+00  0.1304947E+01
 40  2 0.780  0.10  0.5820068E+00  0.1304947E+01
 40  3 0.780  0.20  0.5830383E+00  0.1304947E+01
 40  4 0.780  0.30  0.5847066E+00  0.1304947E+01
 40  5 0.780  0.40  0.5869350E+00  0.1304947E+01
 40  6 0.780  0.50  0.5896153E+00  0.1304947E+01
 40  7 0.780  0.60  0.5926076E+00  0.1304947E+01
 40  8 0.780  0.70  0.5957390E+00  0.1304947E+01
 40  9 0.780  0.80  0.5988032E+00  0.1304947E+01
 40 10 0.780  0.90  0.6015586E+00  0.1304947E+01
 40 11 0.780  1.00  0.6037273E+00  0.1304947E+01

 41  1 0.800  0.00  0.5767986E+00  0.1293882E+01
 41  2 0.800  0.10  0.5771220E+00  0.1293882E+01
 41  3 0.800  0.20  0.5780783E+00  0.1293882E+01
 41  4 0.800  0.30  0.5796259E+00  0.1293882E+01
 41  5 0.800  0.40  0.5816950E+00  0.1293882E+01
 41  6 0.800  0.50  0.5841874E+00  0.1293882E+01
 41  7 0.800  0.60  0.5869759E+00  0.1293882E+01
 41  8 0.800  0.70  0.5899037E+00  0.1293882E+01
 41  9 0.800  0.80  0.5927832E+00  0.1293882E+01
 41 10 0.800  0.90  0.5953951E+00  0.1293882E+01
 41 11 0.800  1.00  0.5974877E+00  0.1293882E+01

 42  1 0.820  0.00  0.5720626E+00  0.1283439E+01
 42  2 0.820  0.10  0.5723631E+00  0.1283439E+01
 42  3 0.820  0.20  0.5732520E+00  0.1283439E+01
 42  4 0.820  0.30  0.5746914E+00  0.1283439E+01
 42  5 0.820  0.40  0.5766177E+00  0.1283439E+01
 42  6 0.820  0.50  0.5789414E+00  0.1283439E+01
 42  7 0.820  0.60  0.5815468E+00  0.1283439E+01
 42  8 0.820  0.70  0.5842912E+00  0.1283439E+01
 42  9 0.820  0.80  0.5870038E+00  0.1283439E+01
 42 10 0.820  0.90  0.5894850E+00  0.1283439E+01
 42 11 0.820  1.00  0.5915059E+00  0.1283439E+01

 43  1 0.840  0.00  0.5674435E+00  0.1273572E+01
 43  2 0.840  0.10  0.5677235E+00  0.1273572E+01
 43  3 0.840  0.20  0.5685518E+00  0.1273572E+01
 43  4 0.840  0.30  0.5698939E+00  0.1273572E+01
 43  5 0.840  0.40  0.5716917E+00  0.1273572E+01
 43  6 0.840  0.50  0.5738637E+00  0.1273572E+01
 43  7 0.840  0.60  0.5763041E+00  0.1273572E+01
 43  8 0.840  0.70  0.5788827E+00  0.1273572E+01
 43  9 0.840  0.80  0.5814437E+00  0.1273572E+01
 43 10 0.840  0.90  0.5838054E+00  0.1273572E+01
 43 11 0.840  1.00  0.5857590E+00  0.1273572E+01

 44  1 0.860  0.00  0.5629358E+00  0.1264239E+01
 44  2 0.860  0.10  0.5631972E+00  0.1264239E+01
 44  3 0.860  0.20  0.5639709E+00  0.1264239E+01
 44  4 0.860  0.30  0.5652253E+00  0.1264239E+01
 44  5 0.860  0.40  0.5669072E+00  0.1264239E+01
 44  6 0.860  0.50  0.5689421E+00  0.1264239E+01
 44  7 0.860  0.60  0.5712333E+00  0.1264239E+01
 44  8 0.860  0.70  0.5736617E+00  0.1264239E+01
 44  9 0.860  0.80  0.5760850E+00  0.1264239E+01
 44 10 0.860  0.90  0.5783370E+00  0.1264239E+01
 44 11 0.860  1.00  0.5802269E+00  0.1264239E+01

 45  1 0.880  0.00  0.5585340E+00  0.1255401E+01
 45  2 0.880  0.10  0.5587786E+00  0.1255401E+01
 45  3 0.880  0.20  0.5595030E+00  0.1255401E+01
 45  4 0.880  0.30  0.5606781E+00  0.1255401E+01
 45  5 0.880  0.40  0.5622551E+00  0.1255401E+01
 45  6 0.880  0.50  0.5641659E+00  0.1255401E+01
 45  7 0.880  0.60  0.5663218E+00  0.1255401E+01
 45  8 0.880  0.70  0.5686136E+00  0.1255401E+01
 45  9 0.880  0.80  0.5709111E+00  0.1255401E+01
 45 10 0.880  0.90  0.5730621E+00  0.1255401E+01
 45 11 0.880  1.00  0.5748921E+00  0.1255401E+01

 46  1 0.900  0.00  0.5542335E+00  0.1247021E+01
 46  2 0.900  0.10  0.5544630E+00  0.1247021E+01
 46  3 0.900  0.20  0.5551427E+00  0.1247021E+01
 46  4 0.900  0.30  0.5562457E+00  0.1247021E+01
 46  5 0.900  0.40  0.5577277E+00  0.1247021E+01
 46  6 0.900  0.50  0.5595257E+00  0.1247021E+01
 46  7 0.900  0.60  0.5615585E+00  0.1247021E+01
 46  8 0.900  0.70  0.5637259E+00  0.1247021E+01
 46  9 0.900  0.80  0.5659083E+00  0.1247021E+01
 46 10 0.900  0.90  0.5679662E+00  0.1247021E+01
 46 11 0.900  1.00  0.5697395E+00  0.1247021E+01

 47  1 0.920  0.00  0.5500297E+00  0.1239070E+01
 47  2 0.920  0.10  0.5502455E+00  0.1239070E+01
 47  3 0.920  0.20  0.5508844E+00  0.1239070E+01
 47  4 0.920  0.30  0.5519222E+00  0.1239070E+01
 47  5 0.920  0.40  0.5533176E+00  0.1239070E+01
 47  6 0.920  0.50  0.5550129E+00  0.1239070E+01
 47  7 0.920  0.60  0.5569335E+00  0.1239070E+01
 47  8 0.920  0.70  0.5589871E+00  0.1239070E+01
 47  9 0.920  0.80  0.5610639E+00  0.1239070E+01
 47 10 0.920  0.90  0.5630357E+00  0.1239070E+01
 47 11 0.920  1.00  0.5647551E+00  0.1239070E+01

 48  1 0.940  0.00  0.5459185E+00  0.1231516E+01
 48  2 0.940  0.10  0.5461217E+00  0.1231516E+01
 48  3 0.940  0.20  0.5467237E+00  0.1231516E+01
 48  4 0.940  0.30  0.5477018E+00  0.1231516E+01
 48  5 0.940  0.40  0.5490183E+00  0.1231516E+01
 48  6 0.940  0.50  0.5506200E+00  0.1231516E+01
 48  7 0.940  0.60  0.5524378E+00  0.1231516E+01
 48  8 0.940  0.70  0.5543873E+00  0.1231516E+01
 48  9 0.940  0.80  0.5563669E+00  0.1231516E+01
 48 10 0.940  0.90  0.5582587E+00  0.1231516E+01
 48 11 0.940  1.00  0.5599273E+00  0.1231516E+01

 49  1 0.960  0.00  0.5418962E+00  0.1224334E+01
 49  2 0.960  0.10  0.5420879E+00  0.1224334E+01
 49  3 0.960  0.20  0.5426559E+00  0.1224334E+01
 49  4 0.960  0.30  0.5435796E+00  0.1224334E+01
 49  5 0.960  0.40  0.5448241E+00  0.1224334E+01
 49  6 0.960  0.50  0.5463399E+00  0.1224334E+01
 49  7 0.960  0.60  0.5480639E+00  0.1224334E+01
 49  8 0.960  0.70  0.5499175E+00  0.1224334E+01
 49  9 0.960  0.80  0.5518076E+00  0.1224334E+01
 49 10 0.960  0.90  0.5536251E+00  0.1224334E+01
 49 11 0.960  1.00  0.5552452E+00  0.1224334E+01

 50  1 0.980  0.00  0.5379590E+00  0.1217498E+01
 50  2 0.980  0.10  0.5381402E+00  0.1217498E+01
 50  3 0.980  0.20  0.5386773E+00  0.1217498E+01
 50  4 0.980  0.30  0.5395511E+00  0.1217498E+01
 50  5 0.980  0.40  0.5407294E+00  0.1217498E+01
 50  6 0.980  0.50  0.5421667E+00  0.1217498E+01
 50  7 0.980  0.60  0.5438042E+00  0.1217498E+01
 50  8 0.980  0.70  0.5455697E+00  0.1217498E+01
 50  9 0.980  0.80  0.5473769E+00  0.1217498E+01
 50 10 0.980  0.90  0.5491253E+00  0.1217498E+01
 50 11 0.980  1.00  0.5506994E+00  0.1217498E+01

 51  1 1.000  0.00  0.5341037E+00  0.1210987E+01
 51  2 1.000  0.10  0.5342752E+00  0.1210987E+01
 51  3 1.000  0.20  0.5347840E+00  0.1210987E+01
 51  4 1.000  0.30  0.5356121E+00  0.1210987E+01
 51  5 1.000  0.40  0.5367297E+00  0.1210987E+01
 51  6 1.000  0.50  0.5380946E+00  0.1210987E+01
 51  7 1.000  0.60  0.5396526E+00  0.1210987E+01
 51  8 1.000  0.70  0.5413368E+00  0.1210987E+01
 51  9 1.000  0.80  0.5430672E+00  0.1210987E+01
 51 10 1.000  0.90  0.5447509E+00  0.1210987E+01
 51 11 1.000  1.00  0.5462813E+00  0.1210987E+01

