# getMm vers. 0.1 starts...
#ROWS=   51
#COLS=   11
#theta=  0.1570796E+01   #radians =  90.00 deg.
# iao2c  iaob   a/2c   a/B     Mm   phi
  1  1 0.000  0.00  0.1130000E+01  0.1000000E+01
  1  2 0.000  0.10  0.1170396E+01  0.1000000E+01
  1  3 0.000  0.20  0.1307138E+01  0.1000000E+01
  1  4 0.000  0.30  0.1586888E+01  0.1000000E+01
  1  5 0.000  0.40  0.2087415E+01  0.1000000E+01
  1  6 0.000  0.50  0.2917596E+01  0.1000000E+01
  1  7 0.000  0.60  0.4217416E+01  0.1000000E+01
  1  8 0.000  0.70  0.6157967E+01  0.1000000E+01
  1  9 0.000  0.80  0.8941448E+01  0.1000000E+01
  1 10 0.000  0.90  0.1280117E+02  0.1000000E+01
  1 11 0.000  1.00  0.1800154E+02  0.1000000E+01

  2  1 0.020  0.00  0.1122352E+01  0.1003607E+01
  2  2 0.020  0.10  0.1154351E+01  0.1003607E+01
  2  3 0.020  0.20  0.1255495E+01  0.1003607E+01
  2  4 0.020  0.30  0.1441234E+01  0.1003607E+01
  2  5 0.020  0.40  0.1737314E+01  0.1003607E+01
  2  6 0.020  0.50  0.2179778E+01  0.1003607E+01
  2  7 0.020  0.60  0.2814971E+01  0.1003607E+01
  2  8 0.020  0.70  0.3699533E+01  0.1003607E+01
  2  9 0.020  0.80  0.4900406E+01  0.1003607E+01
  2 10 0.020  0.90  0.6494827E+01  0.1003607E+01
  2 11 0.020  1.00  0.8570334E+01  0.1003607E+01

  3  1 0.040  0.00  0.1110280E+01  0.1011276E+01
  3  2 0.040  0.10  0.1136473E+01  0.1011276E+01
  3  3 0.040  0.20  0.1216264E+01  0.1011276E+01
  3  4 0.040  0.30  0.1353294E+01  0.1011276E+01
  3  5 0.040  0.40  0.1553632E+01  0.1011276E+01
  3  6 0.040  0.50  0.1825770E+01  0.1011276E+01
  3  7 0.040  0.60  0.2180630E+01  0.1011276E+01
  3  8 0.040  0.70  0.2631561E+01  0.1011276E+01
  3  9 0.040  0.80  0.3194338E+01  0.1011276E+01
  3 10 0.040  0.90  0.3887162E+01  0.1011276E+01
  3 11 0.040  1.00  0.4730665E+01  0.1011276E+01

  4  1 0.060  0.00  0.1095215E+01  0.1021899E+01
  4  2 0.060  0.10  0.1117133E+01  0.1021899E+01
  4  3 0.060  0.20  0.1182713E+01  0.1021899E+01
  4  4 0.060  0.30  0.1291436E+01  0.1021899E+01
  4  5 0.060  0.40  0.1442436E+01  0.1021899E+01
  4  6 0.060  0.50  0.1634499E+01  0.1021899E+01
  4  7 0.060  0.60  0.1866068E+01  0.1021899E+01
  4  8 0.060  0.70  0.2135237E+01  0.1021899E+01
  4  9 0.060  0.80  0.2439753E+01  0.1021899E+01
  4 10 0.060  0.90  0.2777020E+01  0.1021899E+01
  4 11 0.060  1.00  0.3144092E+01  0.1021899E+01

  5  1 0.080  0.00  0.1077899E+01  0.1034977E+01
  5  2 0.080  0.10  0.1096517E+01  0.1034977E+01
  5  3 0.080  0.20  0.1151770E+01  0.1034977E+01
  5  4 0.080  0.30  0.1241842E+01  0.1034977E+01
  5  5 0.080  0.40  0.1363711E+01  0.1034977E+01
  5  6 0.080  0.50  0.1513147E+01  0.1034977E+01
  5  7 0.080  0.60  0.1684708E+01  0.1034977E+01
  5  8 0.080  0.70  0.1871746E+01  0.1034977E+01
  5  9 0.080  0.80  0.2066403E+01  0.1034977E+01
  5 10 0.080  0.90  0.2259611E+01  0.1034977E+01
  5 11 0.080  1.00  0.2441094E+01  0.1034977E+01

  6  1 0.100  0.00  0.1058875E+01  0.1050171E+01
  6  2 0.100  0.10  0.1074862E+01  0.1050171E+01
  6  3 0.100  0.20  0.1122126E+01  0.1050171E+01
  6  4 0.100  0.30  0.1198573E+01  0.1050171E+01
  6  5 0.100  0.40  0.1300717E+01  0.1050171E+01
  6  6 0.100  0.50  0.1423676E+01  0.1050171E+01
  6  7 0.100  0.60  0.1561172E+01  0.1050171E+01
  6  8 0.100  0.70  0.1705535E+01  0.1050171E+01
  6  9 0.100  0.80  0.1847697E+01  0.1050171E+01
  6 10 0.100  0.90  0.1977197E+01  0.1050171E+01
  6 11 0.100  1.00  0.2082178E+01  0.1050171E+01

  7  1 0.120  0.00  0.1038586E+01  0.1067221E+01
  7  2 0.120  0.10  0.1052422E+01  0.1067221E+01
  7  3 0.120  0.20  0.1093253E+01  0.1067221E+01
  7  4 0.120  0.30  0.1159039E+01  0.1067221E+01
  7  5 0.120  0.40  0.1246384E+01  0.1067221E+01
  7  6 0.120  0.50  0.1350530E+01  0.1067221E+01
  7  7 0.120  0.60  0.1465363E+01  0.1067221E+01
  7  8 0.120  0.70  0.1583408E+01  0.1067221E+01
  7  9 0.120  0.80  0.1695833E+01  0.1067221E+01
  7 10 0.120  0.90  0.1792444E+01  0.1067221E+01
  7 11 0.120  1.00  0.1861692E+01  0.1067221E+01

  8  1 0.140  0.00  0.1017393E+01  0.1085912E+01
  8  2 0.140  0.10  0.1029443E+01  0.1085912E+01
  8  3 0.140  0.20  0.1064961E+01  0.1085912E+01
  8  4 0.140  0.30  0.1122059E+01  0.1085912E+01
  8  5 0.140  0.40  0.1197587E+01  0.1085912E+01
  8  6 0.140  0.50  0.1287136E+01  0.1085912E+01
  8  7 0.140  0.60  0.1385037E+01  0.1085912E+01
  8  8 0.140  0.70  0.1484361E+01  0.1085912E+01
  8  9 0.140  0.80  0.1576920E+01  0.1085912E+01
  8 10 0.140  0.90  0.1653265E+01  0.1085912E+01
  8 11 0.140  1.00  0.1702689E+01  0.1085912E+01

  9  1 0.160  0.00  0.9956027E+00  0.1106064E+01
  9  2 0.160  0.10  0.1006147E+01  0.1106064E+01
  9  3 0.160  0.20  0.1037204E+01  0.1106064E+01
  9  4 0.160  0.30  0.1087052E+01  0.1106064E+01
  9  5 0.160  0.40  0.1152817E+01  0.1106064E+01
  9  6 0.160  0.50  0.1230476E+01  0.1106064E+01
  9  7 0.160  0.60  0.1314860E+01  0.1106064E+01
  9  8 0.160  0.70  0.1399647E+01  0.1106064E+01
  9  9 0.160  0.80  0.1477369E+01  0.1106064E+01
  9 10 0.160  0.90  0.1539407E+01  0.1106064E+01
  9 11 0.160  1.00  0.1575993E+01  0.1106064E+01

 10  1 0.180  0.00  0.9734667E+00  0.1127517E+01
 10  2 0.180  0.10  0.9827294E+00  0.1127517E+01
 10  3 0.180  0.20  0.1009996E+01  0.1127517E+01
 10  4 0.180  0.30  0.1053704E+01  0.1127517E+01
 10  5 0.180  0.40  0.1111245E+01  0.1127517E+01
 10  6 0.180  0.50  0.1178971E+01  0.1127517E+01
 10  7 0.180  0.60  0.1252191E+01  0.1127517E+01
 10  8 0.180  0.70  0.1325171E+01  0.1127517E+01
 10  9 0.180  0.80  0.1391133E+01  0.1127517E+01
 10 10 0.180  0.90  0.1442260E+01  0.1127517E+01
 10 11 0.180  1.00  0.1469689E+01  0.1127517E+01

 11  1 0.200  0.00  0.9511947E+00  0.1150133E+01
 11  2 0.200  0.10  0.9593573E+00  0.1150133E+01
 11  3 0.200  0.20  0.9833733E+00  0.1150133E+01
 11  4 0.200  0.30  0.1021827E+01  0.1150133E+01
 11  5 0.200  0.40  0.1072358E+01  0.1150133E+01
 11  6 0.200  0.50  0.1131664E+01  0.1150133E+01
 11  7 0.200  0.60  0.1195497E+01  0.1150133E+01
 11  8 0.200  0.70  0.1258666E+01  0.1150133E+01
 11  9 0.200  0.80  0.1315036E+01  0.1150133E+01
 11 10 0.200  0.90  0.1357527E+01  0.1150133E+01
 11 11 0.200  1.00  0.1378118E+01  0.1150133E+01

 12  1 0.220  0.00  0.9289579E+00  0.1173788E+01
 12  2 0.220  0.10  0.9361692E+00  0.1173788E+01
 12  3 0.220  0.20  0.9573763E+00  0.1173788E+01
 12  4 0.220  0.30  0.9912990E+00  0.1173788E+01
 12  5 0.220  0.40  0.1035804E+01  0.1173788E+01
 12  6 0.220  0.50  0.1087903E+01  0.1173788E+01
 12  7 0.220  0.60  0.1143756E+01  0.1173788E+01
 12  8 0.220  0.70  0.1198669E+01  0.1173788E+01
 12  9 0.220  0.80  0.1247095E+01  0.1173788E+01
 12 10 0.220  0.90  0.1282632E+01  0.1173788E+01
 12 11 0.220  1.00  0.1298025E+01  0.1173788E+01

 13  1 0.240  0.00  0.9068947E+00  0.1198375E+01
 13  2 0.240  0.10  0.9132781E+00  0.1198375E+01
 13  3 0.240  0.20  0.9320429E+00  0.1198375E+01
 13  4 0.240  0.30  0.9620327E+00  0.1198375E+01
 13  5 0.240  0.40  0.1001320E+01  0.1198375E+01
 13  6 0.240  0.50  0.1047207E+01  0.1198375E+01
 13  7 0.240  0.60  0.1096223E+01  0.1198375E+01
 13  8 0.240  0.70  0.1144129E+01  0.1198375E+01
 13  9 0.240  0.80  0.1185914E+01  0.1198375E+01
 13 10 0.240  0.90  0.1215796E+01  0.1198375E+01
 13 11 0.240  1.00  0.1227220E+01  0.1198375E+01

 14  1 0.260  0.00  0.8851151E+00  0.1223796E+01
 14  2 0.260  0.10  0.8907743E+00  0.1223796E+01
 14  3 0.260  0.20  0.9074039E+00  0.1223796E+01
 14  4 0.260  0.30  0.9339606E+00  0.1223796E+01
 14  5 0.260  0.40  0.9687054E+00  0.1223796E+01
 14  6 0.260  0.50  0.1009204E+01  0.1223796E+01
 14  7 0.260  0.60  0.1052325E+01  0.1223796E+01
 14  8 0.260  0.70  0.1094244E+01  0.1223796E+01
 14  9 0.260  0.80  0.1130439E+01  0.1223796E+01
 14 10 0.260  0.90  0.1155692E+01  0.1223796E+01
 14 11 0.260  1.00  0.1164092E+01  0.1223796E+01

 15  1 0.280  0.00  0.8637055E+00  0.1249963E+01
 15  2 0.280  0.10  0.8687280E+00  0.1249963E+01
 15  3 0.280  0.20  0.8834819E+00  0.1249963E+01
 15  4 0.280  0.30  0.9070272E+00  0.1249963E+01
 15  5 0.280  0.40  0.9377968E+00  0.1249963E+01
 15  6 0.280  0.50  0.9735970E+00  0.1249963E+01
 15  7 0.280  0.60  0.1011607E+01  0.1249963E+01
 15  8 0.280  0.70  0.1048380E+01  0.1249963E+01
 15  9 0.280  0.80  0.1079841E+01  0.1249963E+01
 15 10 0.280  0.90  0.1101290E+01  0.1249963E+01
 15 11 0.280  1.00  0.1107398E+01  0.1249963E+01

 16  1 0.300  0.00  0.8427320E+00  0.1276800E+01
 16  2 0.300  0.10  0.8471923E+00  0.1276800E+01
 16  3 0.300  0.20  0.8602915E+00  0.1276800E+01
 16  4 0.300  0.30  0.8811836E+00  0.1276800E+01
 16  5 0.300  0.40  0.9084588E+00  0.1276800E+01
 16  6 0.300  0.50  0.9401435E+00  0.1276800E+01
 16  7 0.300  0.60  0.9737000E+00  0.1276800E+01
 16  8 0.300  0.70  0.1006027E+01  0.1276800E+01
 16  9 0.300  0.80  0.1033459E+01  0.1276800E+01
 16 10 0.300  0.90  0.1051766E+01  0.1276800E+01
 16 11 0.300  1.00  0.1056156E+01  0.1276800E+01

 17  1 0.320  0.00  0.8222436E+00  0.1304236E+01
 17  2 0.320  0.10  0.8262058E+00  0.1304236E+01
 17  3 0.320  0.20  0.8378394E+00  0.1304236E+01
 17  4 0.320  0.30  0.8563848E+00  0.1304236E+01
 17  5 0.320  0.40  0.8805757E+00  0.1304236E+01
 17  6 0.320  0.50  0.9086400E+00  0.1304236E+01
 17  7 0.320  0.60  0.9382989E+00  0.1304236E+01
 17  8 0.320  0.70  0.9667670E+00  0.1304236E+01
 17  9 0.320  0.80  0.9907529E+00  0.1304236E+01
 17 10 0.320  0.90  0.1006458E+01  0.1304236E+01
 17 11 0.320  1.00  0.1009579E+01  0.1304236E+01

 18  1 0.340  0.00  0.8022757E+00  0.1332210E+01
 18  2 0.340  0.10  0.8057950E+00  0.1332210E+01
 18  3 0.340  0.20  0.8161260E+00  0.1332210E+01
 18  4 0.340  0.30  0.8325881E+00  0.1332210E+01
 18  5 0.340  0.40  0.8540469E+00  0.1332210E+01
 18  6 0.340  0.50  0.8789141E+00  0.1332210E+01
 18  7 0.340  0.60  0.9051479E+00  0.1332210E+01
 18  8 0.340  0.70  0.9302524E+00  0.1332210E+01
 18  9 0.340  0.80  0.9512783E+00  0.1332210E+01
 18 10 0.340  0.90  0.9648223E+00  0.1332210E+01
 18 11 0.340  1.00  0.9670274E+00  0.1332210E+01

 19  1 0.360  0.00  0.7828519E+00  0.1360666E+01
 19  2 0.360  0.10  0.7859761E+00  0.1360666E+01
 19  3 0.360  0.20  0.7951458E+00  0.1360666E+01
 19  4 0.360  0.30  0.8097526E+00  0.1360666E+01
 19  5 0.360  0.40  0.8287827E+00  0.1360666E+01
 19  6 0.360  0.50  0.8508167E+00  0.1360666E+01
 19  7 0.360  0.60  0.8740296E+00  0.1360666E+01
 19  8 0.360  0.70  0.8961908E+00  0.1360666E+01
 19  9 0.360  0.80  0.9146641E+00  0.1360666E+01
 19 10 0.360  0.90  0.9264080E+00  0.1360666E+01
 19 11 0.360  1.00  0.9279752E+00  0.1360666E+01

 20  1 0.380  0.00  0.7639866E+00  0.1389553E+01
 20  2 0.380  0.10  0.7667572E+00  0.1389553E+01
 20  3 0.380  0.20  0.7748883E+00  0.1389553E+01
 20  4 0.380  0.30  0.7878380E+00  0.1389553E+01
 20  5 0.380  0.40  0.8047028E+00  0.1389553E+01
 20  6 0.380  0.50  0.8242179E+00  0.1389553E+01
 20  7 0.380  0.60  0.8447572E+00  0.1389553E+01
 20  8 0.380  0.70  0.8643333E+00  0.1389553E+01
 20  9 0.380  0.80  0.8805973E+00  0.1389553E+01
 20 10 0.380  0.90  0.8908390E+00  0.1389553E+01
 20 11 0.380  1.00  0.8919870E+00  0.1389553E+01

 21  1 0.400  0.00  0.7456863E+00  0.1418827E+01
 21  2 0.400  0.10  0.7481397E+00  0.1418827E+01
 21  3 0.400  0.20  0.7553397E+00  0.1418827E+01
 21  4 0.400  0.30  0.7668050E+00  0.1418827E+01
 21  5 0.400  0.40  0.7817335E+00  0.1418827E+01
 21  6 0.400  0.50  0.7990025E+00  0.1418827E+01
 21  7 0.400  0.60  0.8171684E+00  0.1418827E+01
 21  8 0.400  0.70  0.8344665E+00  0.1418827E+01
 21  9 0.400  0.80  0.8488117E+00  0.1418827E+01
 21 10 0.400  0.90  0.8577980E+00  0.1418827E+01
 21 11 0.400  1.00  0.8586985E+00  0.1418827E+01

 22  1 0.420  0.00  0.7279520E+00  0.1448447E+01
 22  2 0.420  0.10  0.7301202E+00  0.1448447E+01
 22  3 0.420  0.20  0.7364832E+00  0.1448447E+01
 22  4 0.420  0.30  0.7466154E+00  0.1448447E+01
 22  5 0.420  0.40  0.7598081E+00  0.1448447E+01
 22  6 0.420  0.50  0.7750686E+00  0.1448447E+01
 22  7 0.420  0.60  0.7911211E+00  0.1448447E+01
 22  8 0.420  0.70  0.8064056E+00  0.1448447E+01
 22  9 0.420  0.80  0.8190792E+00  0.1448447E+01
 22 10 0.420  0.90  0.8270149E+00  0.1448447E+01
 22 11 0.420  1.00  0.8278025E+00  0.1448447E+01

 23  1 0.440  0.00  0.7107794E+00  0.1478377E+01
 23  2 0.440  0.10  0.7126906E+00  0.1478377E+01
 23  3 0.440  0.20  0.7182993E+00  0.1478377E+01
 23  4 0.440  0.30  0.7272316E+00  0.1478377E+01
 23  5 0.440  0.40  0.7388642E+00  0.1478377E+01
 23  6 0.440  0.50  0.7523242E+00  0.1478377E+01
 23  7 0.440  0.60  0.7664897E+00  0.1478377E+01
 23  8 0.440  0.70  0.7799892E+00  0.1478377E+01
 23  9 0.440  0.80  0.7912021E+00  0.1478377E+01
 23 10 0.440  0.90  0.7982581E+00  0.1478377E+01
 23 11 0.440  1.00  0.7990379E+00  0.1478377E+01

 24  1 0.460  0.00  0.6941609E+00  0.1508584E+01
 24  2 0.460  0.10  0.6958398E+00  0.1508584E+01
 24  3 0.460  0.20  0.7007676E+00  0.1508584E+01
 24  4 0.460  0.30  0.7086173E+00  0.1508584E+01
 24  5 0.460  0.40  0.7188444E+00  0.1508584E+01
 24  6 0.460  0.50  0.7306864E+00  0.1508584E+01
 24  7 0.460  0.60  0.7431629E+00  0.1508584E+01
 24  8 0.460  0.70  0.7550757E+00  0.1508584E+01
 24  9 0.460  0.80  0.7650086E+00  0.1508584E+01
 24 10 0.460  0.90  0.7713277E+00  0.1508584E+01
 24 11 0.460  1.00  0.7721812E+00  0.1508584E+01

 25  1 0.480  0.00  0.6780858E+00  0.1539038E+01
 25  2 0.480  0.10  0.6795545E+00  0.1539038E+01
 25  3 0.480  0.20  0.6838660E+00  0.1539038E+01
 25  4 0.480  0.30  0.6907370E+00  0.1539038E+01
 25  5 0.480  0.40  0.6996954E+00  0.1539038E+01
 25  6 0.480  0.50  0.7100801E+00  0.1539038E+01
 25  7 0.480  0.60  0.7210412E+00  0.1539038E+01
 25  8 0.480  0.70  0.7315398E+00  0.1539038E+01
 25  9 0.480  0.80  0.7403484E+00  0.1539038E+01
 25 10 0.480  0.90  0.7460503E+00  0.1539038E+01
 25 11 0.480  1.00  0.7470401E+00  0.1539038E+01

 26  1 0.500  0.00  0.6625413E+00  0.1569713E+01
 26  2 0.500  0.10  0.6638085E+00  0.1569713E+01
 26  3 0.500  0.20  0.6675257E+00  0.1569713E+01
 26  4 0.500  0.30  0.6734408E+00  0.1569713E+01
 26  5 0.500  0.40  0.6811333E+00  0.1569713E+01
 26  6 0.500  0.50  0.6900145E+00  0.1569713E+01
 26  7 0.500  0.60  0.6993276E+00  0.1569713E+01
 26  8 0.500  0.70  0.7081478E+00  0.1569713E+01
 26  9 0.500  0.80  0.7153816E+00  0.1569713E+01
 26 10 0.500  0.90  0.7197677E+00  0.1569713E+01
 26 11 0.500  1.00  0.7198766E+00  0.1569713E+01

 27  1 0.520  0.00  0.6483000E+00  0.1540214E+01
 27  2 0.520  0.10  0.6493825E+00  0.1540214E+01
 27  3 0.520  0.20  0.6525579E+00  0.1540214E+01
 27  4 0.520  0.30  0.6576110E+00  0.1540214E+01
 27  5 0.520  0.40  0.6641823E+00  0.1540214E+01
 27  6 0.520  0.50  0.6717692E+00  0.1540214E+01
 27  7 0.520  0.60  0.6797251E+00  0.1540214E+01
 27  8 0.520  0.70  0.6872597E+00  0.1540214E+01
 27  9 0.520  0.80  0.6934392E+00  0.1540214E+01
 27 10 0.520  0.90  0.6971861E+00  0.1540214E+01
 27 11 0.520  1.00  0.6972792E+00  0.1540214E+01

 28  1 0.540  0.00  0.6346123E+00  0.1513080E+01
 28  2 0.540  0.10  0.6355420E+00  0.1513080E+01
 28  3 0.540  0.20  0.6382695E+00  0.1513080E+01
 28  4 0.540  0.30  0.6426098E+00  0.1513080E+01
 28  5 0.540  0.40  0.6482542E+00  0.1513080E+01
 28  6 0.540  0.50  0.6547709E+00  0.1513080E+01
 28  7 0.540  0.60  0.6616045E+00  0.1513080E+01
 28  8 0.540  0.70  0.6680762E+00  0.1513080E+01
 28  9 0.540  0.80  0.6733841E+00  0.1513080E+01
 28 10 0.540  0.90  0.6766024E+00  0.1513080E+01
 28 11 0.540  1.00  0.6766824E+00  0.1513080E+01

 29  1 0.560  0.00  0.6214444E+00  0.1488057E+01
 29  2 0.560  0.10  0.6222470E+00  0.1488057E+01
 29  3 0.560  0.20  0.6246018E+00  0.1488057E+01
 29  4 0.560  0.30  0.6283488E+00  0.1488057E+01
 29  5 0.560  0.40  0.6332216E+00  0.1488057E+01
 29  6 0.560  0.50  0.6388475E+00  0.1488057E+01
 29  7 0.560  0.60  0.6447471E+00  0.1488057E+01
 29  8 0.560  0.70  0.6503342E+00  0.1488057E+01
 29  9 0.560  0.80  0.6549166E+00  0.1488057E+01
 29 10 0.560  0.90  0.6576951E+00  0.1488057E+01
 29 11 0.560  1.00  0.6577640E+00  0.1488057E+01

 30  1 0.580  0.00  0.6087657E+00  0.1464924E+01
 30  2 0.580  0.10  0.6094620E+00  0.1464924E+01
 30  3 0.580  0.20  0.6115045E+00  0.1464924E+01
 30  4 0.580  0.30  0.6147546E+00  0.1464924E+01
 30  5 0.580  0.40  0.6189814E+00  0.1464924E+01
 30  6 0.580  0.50  0.6238614E+00  0.1464924E+01
 30  7 0.580  0.60  0.6289787E+00  0.1464924E+01
 30  8 0.580  0.70  0.6338251E+00  0.1464924E+01
 30  9 0.580  0.80  0.6377999E+00  0.1464924E+01
 30 10 0.580  0.90  0.6402099E+00  0.1464924E+01
 30 11 0.580  1.00  0.6402698E+00  0.1464924E+01

 31  1 0.600  0.00  0.5965489E+00  0.1443488E+01
 31  2 0.600  0.10  0.5971555E+00  0.1443488E+01
 31  3 0.600  0.20  0.5989351E+00  0.1443488E+01
 31  4 0.600  0.30  0.6017668E+00  0.1443488E+01
 31  5 0.600  0.40  0.6054494E+00  0.1443488E+01
 31  6 0.600  0.50  0.6097012E+00  0.1443488E+01
 31  7 0.600  0.60  0.6141596E+00  0.1443488E+01
 31  8 0.600  0.70  0.6183821E+00  0.1443488E+01
 31  9 0.600  0.80  0.6218451E+00  0.1443488E+01
 31 10 0.600  0.90  0.6239449E+00  0.1443488E+01
 31 11 0.600  1.00  0.6239971E+00  0.1443488E+01

 32  1 0.620  0.00  0.5847687E+00  0.1423582E+01
 32  2 0.620  0.10  0.5852994E+00  0.1423582E+01
 32  3 0.620  0.20  0.5868563E+00  0.1423582E+01
 32  4 0.620  0.30  0.5893337E+00  0.1423582E+01
 32  5 0.620  0.40  0.5925556E+00  0.1423582E+01
 32  6 0.620  0.50  0.5962753E+00  0.1423582E+01
 32  7 0.620  0.60  0.6001760E+00  0.1423582E+01
 32  8 0.620  0.70  0.6038702E+00  0.1423582E+01
 32  9 0.620  0.80  0.6068999E+00  0.1423582E+01
 32 10 0.620  0.90  0.6087370E+00  0.1423582E+01
 32 11 0.620  1.00  0.6087826E+00  0.1423582E+01

 33  1 0.640  0.00  0.5734022E+00  0.1405060E+01
 33  2 0.640  0.10  0.5738683E+00  0.1405060E+01
 33  3 0.640  0.20  0.5752357E+00  0.1405060E+01
 33  4 0.640  0.30  0.5774116E+00  0.1405060E+01
 33  5 0.640  0.40  0.5802414E+00  0.1405060E+01
 33  6 0.640  0.50  0.5835084E+00  0.1405060E+01
 33  7 0.640  0.60  0.5869343E+00  0.1405060E+01
 33  8 0.640  0.70  0.5901789E+00  0.1405060E+01
 33  9 0.640  0.80  0.5928399E+00  0.1405060E+01
 33 10 0.640  0.90  0.5944534E+00  0.1405060E+01
 33 11 0.640  1.00  0.5944934E+00  0.1405060E+01

 34  1 0.660  0.00  0.5624281E+00  0.1387791E+01
 34  2 0.660  0.10  0.5628390E+00  0.1387791E+01
 34  3 0.660  0.20  0.5640444E+00  0.1387791E+01
 34  4 0.660  0.30  0.5659625E+00  0.1387791E+01
 34  5 0.660  0.40  0.5684569E+00  0.1387791E+01
 34  6 0.660  0.50  0.5713369E+00  0.1387791E+01
 34  7 0.660  0.60  0.5743570E+00  0.1387791E+01
 34  8 0.660  0.70  0.5772171E+00  0.1387791E+01
 34  9 0.660  0.80  0.5795628E+00  0.1387791E+01
 34 10 0.660  0.90  0.5809852E+00  0.1387791E+01
 34 11 0.660  1.00  0.5810205E+00  0.1387791E+01

 35  1 0.680  0.00  0.5518270E+00  0.1371663E+01
 35  2 0.680  0.10  0.5521905E+00  0.1371663E+01
 35  3 0.680  0.20  0.5532568E+00  0.1371663E+01
 35  4 0.680  0.30  0.5549535E+00  0.1371663E+01
 35  5 0.680  0.40  0.5571600E+00  0.1371663E+01
 35  6 0.680  0.50  0.5597076E+00  0.1371663E+01
 35  7 0.680  0.60  0.5623790E+00  0.1371663E+01
 35  8 0.680  0.70  0.5649090E+00  0.1371663E+01
 35  9 0.680  0.80  0.5669840E+00  0.1371663E+01
 35 10 0.680  0.90  0.5682421E+00  0.1371663E+01
 35 11 0.680  1.00  0.5682734E+00  0.1371663E+01

 36  1 0.700  0.00  0.5415807E+00  0.1356573E+01
 36  2 0.700  0.10  0.5419033E+00  0.1356573E+01
 36  3 0.700  0.20  0.5428496E+00  0.1356573E+01
 36  4 0.700  0.30  0.5443553E+00  0.1356573E+01
 36  5 0.700  0.40  0.5463136E+00  0.1356573E+01
 36  6 0.700  0.50  0.5485744E+00  0.1356573E+01
 36  7 0.700  0.60  0.5509453E+00  0.1356573E+01
 36  8 0.700  0.70  0.5531906E+00  0.1356573E+01
 36  9 0.700  0.80  0.5550321E+00  0.1356573E+01
 36 10 0.700  0.90  0.5561486E+00  0.1356573E+01
 36 11 0.700  1.00  0.5561764E+00  0.1356573E+01

 37  1 0.720  0.00  0.5316724E+00  0.1342433E+01
 37  2 0.720  0.10  0.5319596E+00  0.1342433E+01
 37  3 0.720  0.20  0.5328020E+00  0.1342433E+01
 37  4 0.720  0.30  0.5341424E+00  0.1342433E+01
 37  5 0.720  0.40  0.5358857E+00  0.1342433E+01
 37  6 0.720  0.50  0.5378984E+00  0.1342433E+01
 37  7 0.720  0.60  0.5400089E+00  0.1342433E+01
 37  8 0.720  0.70  0.5420077E+00  0.1342433E+01
 37  9 0.720  0.80  0.5436471E+00  0.1342433E+01
 37 10 0.720  0.90  0.5446410E+00  0.1342433E+01
 37 11 0.720  1.00  0.5446657E+00  0.1342433E+01

 38  1 0.740  0.00  0.5220863E+00  0.1329162E+01
 38  2 0.740  0.10  0.5223427E+00  0.1329162E+01
 38  3 0.740  0.20  0.5230948E+00  0.1329162E+01
 38  4 0.740  0.30  0.5242916E+00  0.1329162E+01
 38  5 0.740  0.40  0.5258481E+00  0.1329162E+01
 38  6 0.740  0.50  0.5276451E+00  0.1329162E+01
 38  7 0.740  0.60  0.5295294E+00  0.1329162E+01
 38  8 0.740  0.70  0.5313140E+00  0.1329162E+01
 38  9 0.740  0.80  0.5327776E+00  0.1329162E+01
 38 10 0.740  0.90  0.5336651E+00  0.1329162E+01
 38 11 0.740  1.00  0.5336871E+00  0.1329162E+01

 39  1 0.760  0.00  0.5128078E+00  0.1316688E+01
 39  2 0.760  0.10  0.5130373E+00  0.1316688E+01
 39  3 0.760  0.20  0.5137107E+00  0.1316688E+01
 39  4 0.760  0.30  0.5147822E+00  0.1316688E+01
 39  5 0.760  0.40  0.5161757E+00  0.1316688E+01
 39  6 0.760  0.50  0.5177846E+00  0.1316688E+01
 39  7 0.760  0.60  0.5194716E+00  0.1316688E+01
 39  8 0.760  0.70  0.5210694E+00  0.1316688E+01
 39  9 0.760  0.80  0.5223799E+00  0.1316688E+01
 39 10 0.760  0.90  0.5231744E+00  0.1316688E+01
 39 11 0.760  1.00  0.5231941E+00  0.1316688E+01

 40  1 0.780  0.00  0.5038230E+00  0.1304947E+01
 40  2 0.780  0.10  0.5040290E+00  0.1304947E+01
 40  3 0.780  0.20  0.5046335E+00  0.1304947E+01
 40  4 0.780  0.30  0.5055954E+00  0.1304947E+01
 40  5 0.780  0.40  0.5068463E+00  0.1304947E+01
 40  6 0.780  0.50  0.5082906E+00  0.1304947E+01
 40  7 0.780  0.60  0.5098051E+00  0.1304947E+01
 40  8 0.780  0.70  0.5112393E+00  0.1304947E+01
 40  9 0.780  0.80  0.5124157E+00  0.1304947E+01
 40 10 0.780  0.90  0.5131290E+00  0.1304947E+01
 40 11 0.780  1.00  0.5131467E+00  0.1304947E+01

 41  1 0.800  0.00  0.4951189E+00  0.1293882E+01
 41  2 0.800  0.10  0.4953043E+00  0.1293882E+01
 41  3 0.800  0.20  0.4958484E+00  0.1293882E+01
 41  4 0.800  0.30  0.4967140E+00  0.1293882E+01
 41  5 0.800  0.40  0.4978398E+00  0.1293882E+01
 41  6 0.800  0.50  0.4991395E+00  0.1293882E+01
 41  7 0.800  0.60  0.5005025E+00  0.1293882E+01
 41  8 0.800  0.70  0.5017933E+00  0.1293882E+01
 41  9 0.800  0.80  0.5028520E+00  0.1293882E+01
 41 10 0.800  0.90  0.5034938E+00  0.1293882E+01
 41 11 0.800  1.00  0.5035098E+00  0.1293882E+01

 42  1 0.820  0.00  0.4866834E+00  0.1283439E+01
 42  2 0.820  0.10  0.4868507E+00  0.1283439E+01
 42  3 0.820  0.20  0.4873415E+00  0.1283439E+01
 42  4 0.820  0.30  0.4881224E+00  0.1283439E+01
 42  5 0.820  0.40  0.4891379E+00  0.1283439E+01
 42  6 0.820  0.50  0.4903105E+00  0.1283439E+01
 42  7 0.820  0.60  0.4915400E+00  0.1283439E+01
 42  8 0.820  0.70  0.4927045E+00  0.1283439E+01
 42  9 0.820  0.80  0.4936595E+00  0.1283439E+01
 42 10 0.820  0.90  0.4942386E+00  0.1283439E+01
 42 11 0.820  1.00  0.4942529E+00  0.1283439E+01

 43  1 0.840  0.00  0.4785049E+00  0.1273572E+01
 43  2 0.840  0.10  0.4786561E+00  0.1273572E+01
 43  3 0.840  0.20  0.4790999E+00  0.1273572E+01
 43  4 0.840  0.30  0.4798060E+00  0.1273572E+01
 43  5 0.840  0.40  0.4807243E+00  0.1273572E+01
 43  6 0.840  0.50  0.4817844E+00  0.1273572E+01
 43  7 0.840  0.60  0.4828962E+00  0.1273572E+01
 43  8 0.840  0.70  0.4839491E+00  0.1273572E+01
 43  9 0.840  0.80  0.4848126E+00  0.1273572E+01
 43 10 0.840  0.90  0.4853362E+00  0.1273572E+01
 43 11 0.840  1.00  0.4853492E+00  0.1273572E+01

 44  1 0.860  0.00  0.4705727E+00  0.1264239E+01
 44  2 0.860  0.10  0.4707098E+00  0.1264239E+01
 44  3 0.860  0.20  0.4711119E+00  0.1264239E+01
 44  4 0.860  0.30  0.4717517E+00  0.1264239E+01
 44  5 0.860  0.40  0.4725838E+00  0.1264239E+01
 44  6 0.860  0.50  0.4735445E+00  0.1264239E+01
 44  7 0.860  0.60  0.4745519E+00  0.1264239E+01
 44  8 0.860  0.70  0.4755060E+00  0.1264239E+01
 44  9 0.860  0.80  0.4762885E+00  0.1264239E+01
 44 10 0.860  0.90  0.4767630E+00  0.1264239E+01
 44 11 0.860  1.00  0.4767748E+00  0.1264239E+01

 45  1 0.880  0.00  0.4628763E+00  0.1255401E+01
 45  2 0.880  0.10  0.4630008E+00  0.1255401E+01
 45  3 0.880  0.20  0.4633659E+00  0.1255401E+01
 45  4 0.880  0.30  0.4639469E+00  0.1255401E+01
 45  5 0.880  0.40  0.4647025E+00  0.1255401E+01
 45  6 0.880  0.50  0.4655749E+00  0.1255401E+01
 45  7 0.880  0.60  0.4664897E+00  0.1255401E+01
 45  8 0.880  0.70  0.4673561E+00  0.1255401E+01
 45  9 0.880  0.80  0.4680667E+00  0.1255401E+01
 45 10 0.880  0.90  0.4684975E+00  0.1255401E+01
 45 11 0.880  1.00  0.4685082E+00  0.1255401E+01

 46  1 0.900  0.00  0.4554064E+00  0.1247021E+01
 46  2 0.900  0.10  0.4555196E+00  0.1247021E+01
 46  3 0.900  0.20  0.4558519E+00  0.1247021E+01
 46  4 0.900  0.30  0.4563805E+00  0.1247021E+01
 46  5 0.900  0.40  0.4570681E+00  0.1247021E+01
 46  6 0.900  0.50  0.4578618E+00  0.1247021E+01
 46  7 0.900  0.60  0.4586942E+00  0.1247021E+01
 46  8 0.900  0.70  0.4594825E+00  0.1247021E+01
 46  9 0.900  0.80  0.4601290E+00  0.1247021E+01
 46 10 0.900  0.90  0.4605210E+00  0.1247021E+01
 46 11 0.900  1.00  0.4605308E+00  0.1247021E+01

 47  1 0.920  0.00  0.4481534E+00  0.1239070E+01
 47  2 0.920  0.10  0.4482566E+00  0.1239070E+01
 47  3 0.920  0.20  0.4485595E+00  0.1239070E+01
 47  4 0.920  0.30  0.4490415E+00  0.1239070E+01
 47  5 0.920  0.40  0.4496682E+00  0.1239070E+01
 47  6 0.920  0.50  0.4503919E+00  0.1239070E+01
 47  7 0.920  0.60  0.4511507E+00  0.1239070E+01
 47  8 0.920  0.70  0.4518693E+00  0.1239070E+01
 47  9 0.920  0.80  0.4524587E+00  0.1239070E+01
 47 10 0.920  0.90  0.4528161E+00  0.1239070E+01
 47 11 0.920  1.00  0.4528250E+00  0.1239070E+01

 48  1 0.940  0.00  0.4411087E+00  0.1231516E+01
 48  2 0.940  0.10  0.4412030E+00  0.1231516E+01
 48  3 0.940  0.20  0.4414797E+00  0.1231516E+01
 48  4 0.940  0.30  0.4419198E+00  0.1231516E+01
 48  5 0.940  0.40  0.4424923E+00  0.1231516E+01
 48  6 0.940  0.50  0.4431532E+00  0.1231516E+01
 48  7 0.940  0.60  0.4438463E+00  0.1231516E+01
 48  8 0.940  0.70  0.4445026E+00  0.1231516E+01
 48  9 0.940  0.80  0.4450409E+00  0.1231516E+01
 48 10 0.940  0.90  0.4453673E+00  0.1231516E+01
 48 11 0.940  1.00  0.4453754E+00  0.1231516E+01

 49  1 0.960  0.00  0.4342642E+00  0.1224334E+01
 49  2 0.960  0.10  0.4343505E+00  0.1224334E+01
 49  3 0.960  0.20  0.4346036E+00  0.1224334E+01
 49  4 0.960  0.30  0.4350063E+00  0.1224334E+01
 49  5 0.960  0.40  0.4355301E+00  0.1224334E+01
 49  6 0.960  0.50  0.4361348E+00  0.1224334E+01
 49  7 0.960  0.60  0.4367689E+00  0.1224334E+01
 49  8 0.960  0.70  0.4373694E+00  0.1224334E+01
 49  9 0.960  0.80  0.4378619E+00  0.1224334E+01
 49 10 0.960  0.90  0.4381606E+00  0.1224334E+01
 49 11 0.960  1.00  0.4381680E+00  0.1224334E+01

 50  1 0.980  0.00  0.4276118E+00  0.1217498E+01
 50  2 0.980  0.10  0.4276909E+00  0.1217498E+01
 50  3 0.980  0.20  0.4279228E+00  0.1217498E+01
 50  4 0.980  0.30  0.4282920E+00  0.1217498E+01
 50  5 0.980  0.40  0.4287720E+00  0.1217498E+01
 50  6 0.980  0.50  0.4293262E+00  0.1217498E+01
 50  7 0.980  0.60  0.4299074E+00  0.1217498E+01
 50  8 0.980  0.70  0.4304578E+00  0.1217498E+01
 50  9 0.980  0.80  0.4309092E+00  0.1217498E+01
 50 10 0.980  0.90  0.4311829E+00  0.1217498E+01
 50 11 0.980  1.00  0.4311897E+00  0.1217498E+01

 51  1 1.000  0.00  0.4211443E+00  0.1210987E+01
 51  2 1.000  0.10  0.4212169E+00  0.1210987E+01
 51  3 1.000  0.20  0.4214298E+00  0.1210987E+01
 51  4 1.000  0.30  0.4217687E+00  0.1210987E+01
 51  5 1.000  0.40  0.4222094E+00  0.1210987E+01
 51  6 1.000  0.50  0.4227181E+00  0.1210987E+01
 51  7 1.000  0.60  0.4232516E+00  0.1210987E+01
 51  8 1.000  0.70  0.4237569E+00  0.1210987E+01
 51  9 1.000  0.80  0.4241713E+00  0.1210987E+01
 51 10 1.000  0.90  0.4244226E+00  0.1210987E+01
 51 11 1.000  1.00  0.4244288E+00  0.1210987E+01

