# getMm vers. 0.1 starts...
#ROWS=   51
#COLS=   11
#theta=  0.1570796E+01   #radians =  90.00 deg.
# iao2c  iaob   a/2c   a/B     Mm   phi
  1  1 0.000  0.00  0.1130000E+01  0.1000000E+01
  1  2 0.000  0.10  0.1170396E+01  0.1000000E+01
  1  3 0.000  0.20  0.1307138E+01  0.1000000E+01
  1  4 0.000  0.30  0.1586888E+01  0.1000000E+01
  1  5 0.000  0.40  0.2087415E+01  0.1000000E+01
  1  6 0.000  0.50  0.2917596E+01  0.1000000E+01
  1  7 0.000  0.60  0.4217416E+01  0.1000000E+01
  1  8 0.000  0.70  0.6157967E+01  0.1000000E+01
  1  9 0.000  0.80  0.8941448E+01  0.1000000E+01
  1 10 0.000  0.90  0.1280117E+02  0.1000000E+01
  1 11 0.000  1.00  0.1800154E+02  0.1000000E+01

  2  1 0.020  0.00  0.1122352E+01  0.1003607E+01
  2  2 0.020  0.10  0.1154351E+01  0.1003607E+01
  2  3 0.020  0.20  0.1255495E+01  0.1003607E+01
  2  4 0.020  0.30  0.1441234E+01  0.1003607E+01
  2  5 0.020  0.40  0.1737314E+01  0.1003607E+01
  2  6 0.020  0.50  0.2179778E+01  0.1003607E+01
  2  7 0.020  0.60  0.2814971E+01  0.1003607E+01
  2  8 0.020  0.70  0.3699533E+01  0.1003607E+01
  2  9 0.020  0.80  0.4900406E+01  0.1003607E+01
  2 10 0.020  0.90  0.6494827E+01  0.1003607E+01
  2 11 0.020  1.00  0.8570334E+01  0.1003607E+01

  3  1 0.040  0.00  0.1110280E+01  0.1011276E+01
  3  2 0.040  0.10  0.1136473E+01  0.1011276E+01
  3  3 0.040  0.20  0.1216264E+01  0.1011276E+01
  3  4 0.040  0.30  0.1353294E+01  0.1011276E+01
  3  5 0.040  0.40  0.1553632E+01  0.1011276E+01
  3  6 0.040  0.50  0.1825770E+01  0.1011276E+01
  3  7 0.040  0.60  0.2180630E+01  0.1011276E+01
  3  8 0.040  0.70  0.2631561E+01  0.1011276E+01
  3  9 0.040  0.80  0.3194338E+01  0.1011276E+01
  3 10 0.040  0.90  0.3887162E+01  0.1011276E+01
  3 11 0.040  1.00  0.4730665E+01  0.1011276E+01

  4  1 0.060  0.00  0.1095215E+01  0.1021899E+01
  4  2 0.060  0.10  0.1117133E+01  0.1021899E+01
  4  3 0.060  0.20  0.1182713E+01  0.1021899E+01
  4  4 0.060  0.30  0.1291436E+01  0.1021899E+01
  4  5 0.060  0.40  0.1442436E+01  0.1021899E+01
  4  6 0.060  0.50  0.1634499E+01  0.1021899E+01
  4  7 0.060  0.60  0.1866068E+01  0.1021899E+01
  4  8 0.060  0.70  0.2135237E+01  0.1021899E+01
  4  9 0.060  0.80  0.2439753E+01  0.1021899E+01
  4 10 0.060  0.90  0.2777020E+01  0.1021899E+01
  4 11 0.060  1.00  0.3144092E+01  0.1021899E+01

  5  1 0.080  0.00  0.1077899E+01  0.1034977E+01
  5  2 0.080  0.10  0.1096517E+01  0.1034977E+01
  5  3 0.080  0.20  0.1151770E+01  0.1034977E+01
  5  4 0.080  0.30  0.1241842E+01  0.1034977E+01
  5  5 0.080  0.40  0.1363711E+01  0.1034977E+01
  5  6 0.080  0.50  0.1513147E+01  0.1034977E+01
  5  7 0.080  0.60  0.1684708E+01  0.1034977E+01
  5  8 0.080  0.70  0.1871746E+01  0.1034977E+01
  5  9 0.080  0.80  0.2066403E+01  0.1034977E+01
  5 10 0.080  0.90  0.2259611E+01  0.1034977E+01
  5 11 0.080  1.00  0.2441094E+01  0.1034977E+01

  6  1 0.100  0.00  0.1058875E+01  0.1050171E+01
  6  2 0.100  0.10  0.1074862E+01  0.1050171E+01
  6  3 0.100  0.20  0.1122126E+01  0.1050171E+01
  6  4 0.100  0.30  0.1198573E+01  0.1050171E+01
  6  5 0.100  0.40  0.1300717E+01  0.1050171E+01
  6  6 0.100  0.50  0.1423676E+01  0.1050171E+01
  6  7 0.100  0.60  0.1561172E+01  0.1050171E+01
  6  8 0.100  0.70  0.1705535E+01  0.1050171E+01
  6  9 0.100  0.80  0.1847697E+01  0.1050171E+01
  6 10 0.100  0.90  0.1977197E+01  0.1050171E+01
  6 11 0.100  1.00  0.2082178E+01  0.1050171E+01

  7  1 0.120  0.00  0.1038586E+01  0.1067221E+01
  7  2 0.120  0.10  0.1052422E+01  0.1067221E+01
  7  3 0.120  0.20  0.1093253E+01  0.1067221E+01
  7  4 0.120  0.30  0.1159039E+01  0.1067221E+01
  7  5 0.120  0.40  0.1246384E+01  0.1067221E+01
  7  6 0.120  0.50  0.1350530E+01  0.1067221E+01
  7  7 0.120  0.60  0.1465363E+01  0.1067221E+01
  7  8 0.120  0.70  0.1583408E+01  0.1067221E+01
  7  9 0.120  0.80  0.1695833E+01  0.1067221E+01
  7 10 0.120  0.90  0.1792444E+01  0.1067221E+01
  7 11 0.120  1.00  0.1861692E+01  0.1067221E+01

  8  1 0.140  0.00  0.1017393E+01  0.1085912E+01
  8  2 0.140  0.10  0.1029443E+01  0.1085912E+01
  8  3 0.140  0.20  0.1064961E+01  0.1085912E+01
  8  4 0.140  0.30  0.1122059E+01  0.1085912E+01
  8  5 0.140  0.40  0.1197587E+01  0.1085912E+01
  8  6 0.140  0.50  0.1287136E+01  0.1085912E+01
  8  7 0.140  0.60  0.1385037E+01  0.1085912E+01
  8  8 0.140  0.70  0.1484361E+01  0.1085912E+01
  8  9 0.140  0.80  0.1576920E+01  0.1085912E+01
  8 10 0.140  0.90  0.1653265E+01  0.1085912E+01
  8 11 0.140  1.00  0.1702689E+01  0.1085912E+01

  9  1 0.160  0.00  0.9956027E+00  0.1106064E+01
  9  2 0.160  0.10  0.1006147E+01  0.1106064E+01
  9  3 0.160  0.20  0.1037204E+01  0.1106064E+01
  9  4 0.160  0.30  0.1087052E+01  0.1106064E+01
  9  5 0.160  0.40  0.1152817E+01  0.1106064E+01
  9  6 0.160  0.50  0.1230476E+01  0.1106064E+01
  9  7 0.160  0.60  0.1314860E+01  0.1106064E+01
  9  8 0.160  0.70  0.1399647E+01  0.1106064E+01
  9  9 0.160  0.80  0.1477369E+01  0.1106064E+01
  9 10 0.160  0.90  0.1539407E+01  0.1106064E+01
  9 11 0.160  1.00  0.1575993E+01  0.1106064E+01

 10  1 0.180  0.00  0.9734667E+00  0.1127517E+01
 10  2 0.180  0.10  0.9827294E+00  0.1127517E+01
 10  3 0.180  0.20  0.1009996E+01  0.1127517E+01
 10  4 0.180  0.30  0.1053704E+01  0.1127517E+01
 10  5 0.180  0.40  0.1111245E+01  0.1127517E+01
 10  6 0.180  0.50  0.1178971E+01  0.1127517E+01
 10  7 0.180  0.60  0.1252191E+01  0.1127517E+01
 10  8 0.180  0.70  0.1325171E+01  0.1127517E+01
 10  9 0.180  0.80  0.1391133E+01  0.1127517E+01
 10 10 0.180  0.90  0.1442260E+01  0.1127517E+01
 10 11 0.180  1.00  0.1469689E+01  0.1127517E+01

 11  1 0.200  0.00  0.9511947E+00  0.1150133E+01
 11  2 0.200  0.10  0.9593573E+00  0.1150133E+01
 11  3 0.200  0.20  0.9833733E+00  0.1150133E+01
 11  4 0.200  0.30  0.1021827E+01  0.1150133E+01
 11  5 0.200  0.40  0.1072358E+01  0.1150133E+01
 11  6 0.200  0.50  0.1131664E+01  0.1150133E+01
 11  7 0.200  0.60  0.1195497E+01  0.1150133E+01
 11  8 0.200  0.70  0.1258666E+01  0.1150133E+01
 11  9 0.200  0.80  0.1315036E+01  0.1150133E+01
 11 10 0.200  0.90  0.1357527E+01  0.1150133E+01
 11 11 0.200  1.00  0.1378118E+01  0.1150133E+01

 12  1 0.220  0.00  0.9289579E+00  0.1173788E+01
 12  2 0.220  0.10  0.9361692E+00  0.1173788E+01
 12  3 0.220  0.20  0.9573763E+00  0.1173788E+01
 12  4 0.220  0.30  0.9912990E+00  0.1173788E+01
 12  5 0.220  0.40  0.1035804E+01  0.1173788E+01
 12  6 0.220  0.50  0.1087903E+01  0.1173788E+01
 12  7 0.220  0.60  0.1143756E+01  0.1173788E+01
 12  8 0.220  0.70  0.1198669E+01  0.1173788E+01
 12  9 0.220  0.80  0.1247095E+01  0.1173788E+01
 12 10 0.220  0.90  0.1282632E+01  0.1173788E+01
 12 11 0.220  1.00  0.1298025E+01  0.1173788E+01

 13  1 0.240  0.00  0.9068947E+00  0.1198375E+01
 13  2 0.240  0.10  0.9132781E+00  0.1198375E+01
 13  3 0.240  0.20  0.9320429E+00  0.1198375E+01
 13  4 0.240  0.30  0.9620327E+00  0.1198375E+01
 13  5 0.240  0.40  0.1001320E+01  0.1198375E+01
 13  6 0.240  0.50  0.1047207E+01  0.1198375E+01
 13  7 0.240  0.60  0.1096223E+01  0.1198375E+01
 13  8 0.240  0.70  0.1144129E+01  0.1198375E+01
 13  9 0.240  0.80  0.1185914E+01  0.1198375E+01
 13 10 0.240  0.90  0.1215796E+01  0.1198375E+01
 13 11 0.240  1.00  0.1227220E+01  0.1198375E+01

 14  1 0.260  0.00  0.8851151E+00  0.1223796E+01
 14  2 0.260  0.10  0.8907743E+00  0.1223796E+01
 14  3 0.260  0.20  0.9074039E+00  0.1223796E+01
 14  4 0.260  0.30  0.9339606E+00  0.1223796E+01
 14  5 0.260  0.40  0.9687054E+00  0.1223796E+01
 14  6 0.260  0.50  0.1009204E+01  0.1223796E+01
 14  7 0.260  0.60  0.1052325E+01  0.1223796E+01
 14  8 0.260  0.70  0.1094244E+01  0.1223796E+01
 14  9 0.260  0.80  0.1130439E+01  0.1223796E+01
 14 10 0.260  0.90  0.1155692E+01  0.1223796E+01
 14 11 0.260  1.00  0.1164092E+01  0.1223796E+01

 15  1 0.280  0.00  0.8637055E+00  0.1249963E+01
 15  2 0.280  0.10  0.8687280E+00  0.1249963E+01
 15  3 0.280  0.20  0.8834819E+00  0.1249963E+01
 15  4 0.280  0.30  0.9070272E+00  0.1249963E+01
 15  5 0.280  0.40  0.9377968E+00  0.1249963E+01
 15  6 0.280  0.50  0.9735970E+00  0.1249963E+01
 15  7 0.280  0.60  0.1011607E+01  0.1249963E+01
 15  8 0.280  0.70  0.1048380E+01  0.1249963E+01
 15  9 0.280  0.80  0.1079841E+01  0.1249963E+01
 15 10 0.280  0.90  0.1101290E+01  0.1249963E+01
 15 11 0.280  1.00  0.1107398E+01  0.1249963E+01

 16  1 0.300  0.00  0.8427320E+00  0.1276800E+01
 16  2 0.300  0.10  0.8471923E+00  0.1276800E+01
 16  3 0.300  0.20  0.8602915E+00  0.1276800E+01
 16  4 0.300  0.30  0.8811836E+00  0.1276800E+01
 16  5 0.300  0.40  0.9084588E+00  0.1276800E+01
 16  6 0.300  0.50  0.9401435E+00  0.1276800E+01
 16  7 0.300  0.60  0.9737000E+00  0.1276800E+01
 16  8 0.300  0.70  0.1006027E+01  0.1276800E+01
 16  9 0.300  0.80  0.1033459E+01  0.1276800E+01
 16 10 0.300  0.90  0.1051766E+01  0.1276800E+01
 16 11 0.300  1.00  0.1056156E+01  0.1276800E+01

 17  1 0.320  0.00  0.8222436E+00  0.1304236E+01
 17  2 0.320  0.10  0.8262058E+00  0.1304236E+01
 17  3 0.320  0.20  0.8378394E+00  0.1304236E+01
 17  4 0.320  0.30  0.8563848E+00  0.1304236E+01
 17  5 0.320  0.40  0.8805757E+00  0.1304236E+01
 17  6 0.320  0.50  0.9086400E+00  0.1304236E+01
 17  7 0.320  0.60  0.9382989E+00  0.1304236E+01
 17  8 0.320  0.70  0.9667670E+00  0.1304236E+01
 17  9 0.320  0.80  0.9907529E+00  0.1304236E+01
 17 10 0.320  0.90  0.1006458E+01  0.1304236E+01
 17 11 0.320  1.00  0.1009579E+01  0.1304236E+01

 18  1 0.340  0.00  0.8022757E+00  0.1332210E+01
 18  2 0.340  0.10  0.8057950E+00  0.1332210E+01
 18  3 0.340  0.20  0.8161260E+00  0.1332210E+01
 18  4 0.340  0.30  0.8325881E+00  0.1332210E+01
 18  5 0.340  0.40  0.8540469E+00  0.1332210E+01
 18  6 0.340  0.50  0.8789141E+00  0.1332210E+01
 18  7 0.340  0.60  0.9051479E+00  0.1332210E+01
 18  8 0.340  0.70  0.9302524E+00  0.1332210E+01
 18  9 0.340  0.80  0.9512783E+00  0.1332210E+01
 18 10 0.340  0.90  0.9648223E+00  0.1332210E+01
 18 11 0.340  1.00  0.9670274E+00  0.1332210E+01

 19  1 0.360  0.00  0.7828519E+00  0.1360666E+01
 19  2 0.360  0.10  0.7859761E+00  0.1360666E+01
 19  3 0.360  0.20  0.7951458E+00  0.1360666E+01
 19  4 0.360  0.30  0.8097526E+00  0.1360666E+01
 19  5 0.360  0.40  0.8287827E+00  0.1360666E+01
 19  6 0.360  0.50  0.8508167E+00  0.1360666E+01
 19  7 0.360  0.60  0.8740296E+00  0.1360666E+01
 19  8 0.360  0.70  0.8961908E+00  0.1360666E+01
 19  9 0.360  0.80  0.9146641E+00  0.1360666E+01
 19 10 0.360  0.90  0.9264080E+00  0.1360666E+01
 19 11 0.360  1.00  0.9279752E+00  0.1360666E+01

 20  1 0.380  0.00  0.7639866E+00  0.1389553E+01
 20  2 0.380  0.10  0.7667572E+00  0.1389553E+01
 20  3 0.380  0.20  0.7748883E+00  0.1389553E+01
 20  4 0.380  0.30  0.7878380E+00  0.1389553E+01
 20  5 0.380  0.40  0.8047028E+00  0.1389553E+01
 20  6 0.380  0.50  0.8242179E+00  0.1389553E+01
 20  7 0.380  0.60  0.8447572E+00  0.1389553E+01
 20  8 0.380  0.70  0.8643333E+00  0.1389553E+01
 20  9 0.380  0.80  0.8805973E+00  0.1389553E+01
 20 10 0.380  0.90  0.8908390E+00  0.1389553E+01
 20 11 0.380  1.00  0.8919870E+00  0.1389553E+01

 21  1 0.400  0.00  0.7456863E+00  0.1418827E+01
 21  2 0.400  0.10  0.7481397E+00  0.1418827E+01
 21  3 0.400  0.20  0.7553397E+00  0.1418827E+01
 21  4 0.400  0.30  0.7668050E+00  0.1418827E+01
 21  5 0.400  0.40  0.7817335E+00  0.1418827E+01
 21  6 0.400  0.50  0.7990025E+00  0.1418827E+01
 21  7 0.400  0.60  0.8171684E+00  0.1418827E+01
 21  8 0.400  0.70  0.8344665E+00  0.1418827E+01
 21  9 0.400  0.80  0.8488117E+00  0.1418827E+01
 21 10 0.400  0.90  0.8577980E+00  0.1418827E+01
 21 11 0.400  1.00  0.8586985E+00  0.1418827E+01

 22  1 0.420  0.00  0.7279520E+00  0.1448447E+01
 22  2 0.420  0.10  0.7301202E+00  0.1448447E+01
 22  3 0.420  0.20  0.7364832E+00  0.1448447E+01
 22  4 0.420  0.30  0.7466154E+00  0.1448447E+01
 22  5 0.420  0.40  0.7598081E+00  0.1448447E+01
 22  6 0.420  0.50  0.7750686E+00  0.1448447E+01
 22  7 0.420  0.60  0.7911211E+00  0.1448447E+01
 22  8 0.420  0.70  0.8064056E+00  0.1448447E+01
 22  9 0.420  0.80  0.8190792E+00  0.1448447E+01
 22 10 0.420  0.90  0.8270149E+00  0.1448447E+01
 22 11 0.420  1.00  0.8278025E+00  0.1448447E+01

 23  1 0.440  0.00  0.7107794E+00  0.1478377E+01
 23  2 0.440  0.10  0.7126906E+00  0.1478377E+01
 23  3 0.440  0.20  0.7182993E+00  0.1478377E+01
 23  4 0.440  0.30  0.7272316E+00  0.1478377E+01
 23  5 0.440  0.40  0.7388642E+00  0.1478377E+01
 23  6 0.440  0.50  0.7523242E+00  0.1478377E+01
 23  7 0.440  0.60  0.7664897E+00  0.1478377E+01
 23  8 0.440  0.70  0.7799892E+00  0.1478377E+01
 23  9 0.440  0.80  0.7912021E+00  0.1478377E+01
 23 10 0.440  0.90  0.7982581E+00  0.1478377E+01
 23 11 0.440  1.00  0.7990379E+00  0.1478377E+01

 24  1 0.460  0.00  0.6941609E+00  0.1508584E+01
 24  2 0.460  0.10  0.6958398E+00  0.1508584E+01
 24  3 0.460  0.20  0.7007676E+00  0.1508584E+01
 24  4 0.460  0.30  0.7086173E+00  0.1508584E+01
 24  5 0.460  0.40  0.7188444E+00  0.1508584E+01
 24  6 0.460  0.50  0.7306864E+00  0.1508584E+01
 24  7 0.460  0.60  0.7431629E+00  0.1508584E+01
 24  8 0.460  0.70  0.7550757E+00  0.1508584E+01
 24  9 0.460  0.80  0.7650086E+00  0.1508584E+01
 24 10 0.460  0.90  0.7713277E+00  0.1508584E+01
 24 11 0.460  1.00  0.7721812E+00  0.1508584E+01

 25  1 0.480  0.00  0.6780858E+00  0.1539038E+01
 25  2 0.480  0.10  0.6795545E+00  0.1539038E+01
 25  3 0.480  0.20  0.6838660E+00  0.1539038E+01
 25  4 0.480  0.30  0.6907370E+00  0.1539038E+01
 25  5 0.480  0.40  0.6996954E+00  0.1539038E+01
 25  6 0.480  0.50  0.7100801E+00  0.1539038E+01
 25  7 0.480  0.60  0.7210412E+00  0.1539038E+01
 25  8 0.480  0.70  0.7315398E+00  0.1539038E+01
 25  9 0.480  0.80  0.7403484E+00  0.1539038E+01
 25 10 0.480  0.90  0.7460503E+00  0.1539038E+01
 25 11 0.480  1.00  0.7470401E+00  0.1539038E+01

 26  1 0.500  0.00  0.6625413E+00  0.1569713E+01
 26  2 0.500  0.10  0.6638085E+00  0.1569713E+01
 26  3 0.500  0.20  0.6675257E+00  0.1569713E+01
 26  4 0.500  0.30  0.6734408E+00  0.1569713E+01
 26  5 0.500  0.40  0.6811333E+00  0.1569713E+01
 26  6 0.500  0.50  0.6900145E+00  0.1569713E+01
 26  7 0.500  0.60  0.6993276E+00  0.1569713E+01
 26  8 0.500  0.70  0.7081478E+00  0.1569713E+01
 26  9 0.500  0.80  0.7153816E+00  0.1569713E+01
 26 10 0.500  0.90  0.7197677E+00  0.1569713E+01
 26 11 0.500  1.00  0.7198766E+00  0.1569713E+01
