# getMm vers. 0.1 starts...
#ROWS=   51
#COLS=   11
#theta=  0.0000000E+00   #radians =   0.00 deg.
# iao2c  iaob   a/2c   a/B     Mm   phi
  1  1 0.000  0.00  0.0000000E+00  0.1000000E+01
  1  2 0.000  0.10  0.0000000E+00  0.1000000E+01
  1  3 0.000  0.20  0.0000000E+00  0.1000000E+01
  1  4 0.000  0.30  0.0000000E+00  0.1000000E+01
  1  5 0.000  0.40  0.0000000E+00  0.1000000E+01
  1  6 0.000  0.50  0.0000000E+00  0.1000000E+01
  1  7 0.000  0.60  0.0000000E+00  0.1000000E+01
  1  8 0.000  0.70  0.0000000E+00  0.1000000E+01
  1  9 0.000  0.80  0.0000000E+00  0.1000000E+01
  1 10 0.000  0.90  0.0000000E+00  0.1000000E+01
  1 11 0.000  1.00  0.0000000E+00  0.1000000E+01

  2  1 0.020  0.00  0.2469174E+00  0.1003607E+01
  2  2 0.020  0.10  0.2547652E+00  0.1003607E+01
  2  3 0.020  0.20  0.2797244E+00  0.1003607E+01
  2  4 0.020  0.30  0.3261514E+00  0.1003607E+01
  2  5 0.020  0.40  0.4016670E+00  0.1003607E+01
  2  6 0.020  0.50  0.5176973E+00  0.1003607E+01
  2  7 0.020  0.60  0.6902308E+00  0.1003607E+01
  2  8 0.020  0.70  0.9407914E+00  0.1003607E+01
  2  9 0.020  0.80  0.1297628E+01  0.1003607E+01
  2 10 0.020  0.90  0.1797119E+01  0.1003607E+01
  2 11 0.020  1.00  0.2485397E+01  0.1003607E+01

  3  1 0.040  0.00  0.3454381E+00  0.1011276E+01
  3  2 0.040  0.10  0.3547124E+00  0.1011276E+01
  3  3 0.040  0.20  0.3832287E+00  0.1011276E+01
  3  4 0.040  0.30  0.4331037E+00  0.1011276E+01
  3  5 0.040  0.40  0.5079850E+00  0.1011276E+01
  3  6 0.040  0.50  0.6132317E+00  0.1011276E+01
  3  7 0.040  0.60  0.7561665E+00  0.1011276E+01
  3  8 0.040  0.70  0.9464001E+00  0.1011276E+01
  3  9 0.040  0.80  0.1196228E+01  0.1011276E+01
  3 10 0.040  0.90  0.1521097E+01  0.1011276E+01
  3 11 0.040  1.00  0.1940150E+01  0.1011276E+01

  4  1 0.060  0.00  0.4173332E+00  0.1021899E+01
  4  2 0.060  0.10  0.4270394E+00  0.1021899E+01
  4  3 0.060  0.20  0.4564101E+00  0.1021899E+01
  4  4 0.060  0.30  0.5061953E+00  0.1021899E+01
  4  5 0.060  0.40  0.5776235E+00  0.1021899E+01
  4  6 0.060  0.50  0.6723709E+00  0.1021899E+01
  4  7 0.060  0.60  0.7925168E+00  0.1021899E+01
  4  8 0.060  0.70  0.9404874E+00  0.1021899E+01
  4  9 0.060  0.80  0.1118986E+01  0.1021899E+01
  4 10 0.060  0.90  0.1330910E+01  0.1021899E+01
  4 11 0.060  1.00  0.1579261E+01  0.1021899E+01

  5  1 0.080  0.00  0.4742754E+00  0.1034977E+01
  5  2 0.080  0.10  0.4840028E+00  0.1034977E+01
  5  3 0.080  0.20  0.5132285E+00  0.1034977E+01
  5  4 0.080  0.30  0.5620575E+00  0.1034977E+01
  5  5 0.080  0.40  0.6305799E+00  0.1034977E+01
  5  6 0.080  0.50  0.7187446E+00  0.1034977E+01
  5  7 0.080  0.60  0.8261808E+00  0.1034977E+01
  5  8 0.080  0.70  0.9519701E+00  0.1034977E+01
  5  9 0.080  0.80  0.1094367E+01  0.1034977E+01
  5 10 0.080  0.90  0.1250469E+01  0.1034977E+01
  5 11 0.080  1.00  0.1415835E+01  0.1034977E+01

  6  1 0.100  0.00  0.5208978E+00  0.1050171E+01
  6  2 0.100  0.10  0.5304447E+00  0.1050171E+01
  6  3 0.100  0.20  0.5590383E+00  0.1050171E+01
  6  4 0.100  0.30  0.6065044E+00  0.1050171E+01
  6  5 0.100  0.40  0.6724432E+00  0.1050171E+01
  6  6 0.100  0.50  0.7560660E+00  0.1050171E+01
  6  7 0.100  0.60  0.8559656E+00  0.1050171E+01
  6  8 0.100  0.70  0.9698220E+00  0.1050171E+01
  6  9 0.100  0.80  0.1094041E+01  0.1050171E+01
  6 10 0.100  0.90  0.1223331E+01  0.1050171E+01
  6 11 0.100  1.00  0.1350209E+01  0.1050171E+01

  7  1 0.120  0.00  0.5596810E+00  0.1067221E+01
  7  2 0.120  0.10  0.5689420E+00  0.1067221E+01
  7  3 0.120  0.20  0.5966387E+00  0.1067221E+01
  7  4 0.120  0.30  0.6424781E+00  0.1067221E+01
  7  5 0.120  0.40  0.7058545E+00  0.1067221E+01
  7  6 0.120  0.50  0.7856760E+00  0.1067221E+01
  7  7 0.120  0.60  0.8801188E+00  0.1067221E+01
  7  8 0.120  0.70  0.9863133E+00  0.1067221E+01
  7  9 0.120  0.80  0.1099959E+01  0.1067221E+01
  7 10 0.120  0.90  0.1214872E+01  0.1067221E+01
  7 11 0.120  1.00  0.1322457E+01  0.1067221E+01

  8  1 0.140  0.00  0.5921894E+00  0.1085912E+01
  8  2 0.140  0.10  0.6011094E+00  0.1085912E+01
  8  3 0.140  0.20  0.6277663E+00  0.1085912E+01
  8  4 0.140  0.30  0.6718145E+00  0.1085912E+01
  8  5 0.140  0.40  0.7325613E+00  0.1085912E+01
  8  6 0.140  0.50  0.8087924E+00  0.1085912E+01
  8  7 0.140  0.60  0.8985263E+00  0.1085912E+01
  8  8 0.140  0.70  0.9986996E+00  0.1085912E+01
  8  9 0.140  0.80  0.1104782E+01  0.1085912E+01
  8 10 0.140  0.90  0.1210321E+01  0.1085912E+01
  8 11 0.140  1.00  0.1306419E+01  0.1085912E+01

  9  1 0.160  0.00  0.6195177E+00  0.1106064E+01
  9  2 0.160  0.10  0.6280708E+00  0.1106064E+01
  9  3 0.160  0.20  0.6536188E+00  0.1106064E+01
  9  4 0.160  0.30  0.6957927E+00  0.1106064E+01
  9  5 0.160  0.40  0.7538640E+00  0.1106064E+01
  9  6 0.160  0.50  0.8265742E+00  0.1106064E+01
  9  7 0.160  0.60  0.9118952E+00  0.1106064E+01
  9  8 0.160  0.70  0.1006723E+01  0.1106064E+01
  9  9 0.160  0.80  0.1106501E+01  0.1106064E+01
  9 10 0.160  0.90  0.1204780E+01  0.1106064E+01
  9 11 0.160  1.00  0.1292698E+01  0.1106064E+01

 10  1 0.180  0.00  0.6424880E+00  0.1127517E+01
 10  2 0.180  0.10  0.6506651E+00  0.1127517E+01
 10  3 0.180  0.20  0.6750815E+00  0.1127517E+01
 10  4 0.180  0.30  0.7153593E+00  0.1127517E+01
 10  5 0.180  0.40  0.7707594E+00  0.1127517E+01
 10  6 0.180  0.50  0.8400169E+00  0.1127517E+01
 10  7 0.180  0.60  0.9211117E+00  0.1127517E+01
 10  8 0.180  0.70  0.1010973E+01  0.1127517E+01
 10  9 0.180  0.80  0.1105116E+01  0.1127517E+01
 10 10 0.180  0.90  0.1197220E+01  0.1127517E+01
 10 11 0.180  1.00  0.1278629E+01  0.1127517E+01

 11  1 0.200  0.00  0.6617472E+00  0.1150133E+01
 11  2 0.200  0.10  0.6695495E+00  0.1150133E+01
 11  3 0.200  0.20  0.6928409E+00  0.1150133E+01
 11  4 0.200  0.30  0.7312431E+00  0.1150133E+01
 11  5 0.200  0.40  0.7840210E+00  0.1150133E+01
 11  6 0.200  0.50  0.8499259E+00  0.1150133E+01
 11  7 0.200  0.60  0.9269769E+00  0.1150133E+01
 11  8 0.200  0.70  0.1012178E+01  0.1150133E+01
 11  9 0.200  0.80  0.1101173E+01  0.1150133E+01
 11 10 0.200  0.90  0.1187839E+01  0.1150133E+01
 11 11 0.200  1.00  0.1263818E+01  0.1150133E+01

 12  1 0.220  0.00  0.6778210E+00  0.1173788E+01
 12  2 0.220  0.10  0.6852562E+00  0.1173788E+01
 12  3 0.220  0.20  0.7074474E+00  0.1173788E+01
 12  4 0.220  0.30  0.7440215E+00  0.1173788E+01
 12  5 0.220  0.40  0.7942579E+00  0.1173788E+01
 12  6 0.220  0.50  0.8569392E+00  0.1173788E+01
 12  7 0.220  0.60  0.9301440E+00  0.1173788E+01
 12  8 0.220  0.70  0.1010979E+01  0.1173788E+01
 12  9 0.220  0.80  0.1095251E+01  0.1173788E+01
 12 10 0.220  0.90  0.1177084E+01  0.1173788E+01
 12 11 0.220  1.00  0.1248468E+01  0.1173788E+01

 13  1 0.240  0.00  0.6911465E+00  0.1198375E+01
 13  2 0.240  0.10  0.6982259E+00  0.1198375E+01
 13  3 0.240  0.20  0.7193523E+00  0.1198375E+01
 13  4 0.240  0.30  0.7541625E+00  0.1198375E+01
 13  5 0.240  0.40  0.8019574E+00  0.1198375E+01
 13  6 0.240  0.50  0.8615620E+00  0.1198375E+01
 13  7 0.240  0.60  0.9311293E+00  0.1198375E+01
 13  8 0.240  0.70  0.1007888E+01  0.1198375E+01
 13  9 0.240  0.80  0.1087832E+01  0.1198375E+01
 13 10 0.240  0.90  0.1165360E+01  0.1198375E+01
 13 11 0.240  1.00  0.1232852E+01  0.1198375E+01

 14  1 0.260  0.00  0.7020921E+00  0.1223796E+01
 14  2 0.260  0.10  0.7088293E+00  0.1223796E+01
 14  3 0.260  0.20  0.7289327E+00  0.1223796E+01
 14  4 0.260  0.30  0.7620523E+00  0.1223796E+01
 14  5 0.260  0.40  0.8075162E+00  0.1223796E+01
 14  6 0.260  0.50  0.8641996E+00  0.1223796E+01
 14  7 0.260  0.60  0.9303407E+00  0.1223796E+01
 14  8 0.260  0.70  0.1003303E+01  0.1223796E+01
 14  9 0.260  0.80  0.1079286E+01  0.1223796E+01
 14 10 0.260  0.90  0.1152983E+01  0.1223796E+01
 14 11 0.260  1.00  0.1217186E+01  0.1223796E+01

 15  1 0.280  0.00  0.7109718E+00  0.1249963E+01
 15  2 0.280  0.10  0.7173814E+00  0.1249963E+01
 15  3 0.280  0.20  0.7365069E+00  0.1249963E+01
 15  4 0.280  0.30  0.7680135E+00  0.1249963E+01
 15  5 0.280  0.40  0.8112610E+00  0.1249963E+01
 15  6 0.280  0.50  0.8651807E+00  0.1249963E+01
 15  7 0.280  0.60  0.9281033E+00  0.1249963E+01
 15  8 0.280  0.70  0.9975370E+00  0.1249963E+01
 15  9 0.280  0.80  0.1069896E+01  0.1249963E+01
 15 10 0.280  0.90  0.1140183E+01  0.1249963E+01
 15 11 0.280  1.00  0.1201616E+01  0.1249963E+01

 16  1 0.300  0.00  0.7180551E+00  0.1276800E+01
 16  2 0.300  0.10  0.7241524E+00  0.1276800E+01
 16  3 0.300  0.20  0.7423460E+00  0.1276800E+01
 16  4 0.300  0.30  0.7723187E+00  0.1276800E+01
 16  5 0.300  0.40  0.8134646E+00  0.1276800E+01
 16  6 0.300  0.50  0.8647754E+00  0.1276800E+01
 16  7 0.300  0.60  0.9246795E+00  0.1276800E+01
 16  8 0.300  0.70  0.9908355E+00  0.1276800E+01
 16  9 0.300  0.80  0.1059880E+01  0.1276800E+01
 16 10 0.300  0.90  0.1127130E+01  0.1276800E+01
 16 11 0.300  1.00  0.1186238E+01  0.1276800E+01

 17  1 0.320  0.00  0.7235744E+00  0.1304236E+01
 17  2 0.320  0.10  0.7293746E+00  0.1304236E+01
 17  3 0.320  0.20  0.7466825E+00  0.1304236E+01
 17  4 0.320  0.30  0.7751995E+00  0.1304236E+01
 17  5 0.320  0.40  0.8143564E+00  0.1304236E+01
 17  6 0.320  0.50  0.8632081E+00  0.1304236E+01
 17  7 0.320  0.60  0.9202835E+00  0.1304236E+01
 17  8 0.320  0.70  0.9833954E+00  0.1304236E+01
 17  9 0.320  0.80  0.1049405E+01  0.1304236E+01
 17 10 0.320  0.90  0.1113948E+01  0.1304236E+01
 17 11 0.320  1.00  0.1171112E+01  0.1304236E+01

 18  1 0.340  0.00  0.7277309E+00  0.1332210E+01
 18  2 0.340  0.10  0.7332488E+00  0.1332210E+01
 18  3 0.340  0.20  0.7497162E+00  0.1332210E+01
 18  4 0.340  0.30  0.7768537E+00  0.1332210E+01
 18  5 0.340  0.40  0.8141305E+00  0.1332210E+01
 18  6 0.340  0.50  0.8606657E+00  0.1332210E+01
 18  7 0.340  0.60  0.9150913E+00  0.1332210E+01
 18  8 0.340  0.70  0.9753750E+00  0.1332210E+01
 18  9 0.340  0.80  0.1038604E+01  0.1332210E+01
 18 10 0.340  0.90  0.1100730E+01  0.1332210E+01
 18 11 0.340  1.00  0.1156275E+01  0.1332210E+01

 19  1 0.360  0.00  0.7306991E+00  0.1360666E+01
 19  2 0.360  0.10  0.7359493E+00  0.1360666E+01
 19  3 0.360  0.20  0.7516198E+00  0.1360666E+01
 19  4 0.360  0.30  0.7774513E+00  0.1360666E+01
 19  5 0.360  0.40  0.8129518E+00  0.1360666E+01
 19  6 0.360  0.50  0.8573061E+00  0.1360666E+01
 19  7 0.360  0.60  0.9092490E+00  0.1360666E+01
 19  8 0.360  0.70  0.9669034E+00  0.1360666E+01
 19  9 0.360  0.80  0.1027580E+01  0.1360666E+01
 19 10 0.360  0.90  0.1087546E+01  0.1360666E+01
 19 11 0.360  1.00  0.1141749E+01  0.1360666E+01

 20  1 0.380  0.00  0.7326308E+00  0.1389553E+01
 20  2 0.380  0.10  0.7376273E+00  0.1389553E+01
 20  3 0.380  0.20  0.7525426E+00  0.1389553E+01
 20  4 0.380  0.30  0.7771382E+00  0.1389553E+01
 20  5 0.380  0.40  0.8109613E+00  0.1389553E+01
 20  6 0.380  0.50  0.8532621E+00  0.1389553E+01
 20  7 0.380  0.60  0.9028782E+00  0.1389553E+01
 20  8 0.380  0.70  0.9580858E+00  0.1389553E+01
 20  9 0.380  0.80  0.1016418E+01  0.1389553E+01
 20 10 0.380  0.90  0.1074448E+01  0.1389553E+01
 20 11 0.380  1.00  0.1127544E+01  0.1389553E+01

 21  1 0.400  0.00  0.7336584E+00  0.1418827E+01
 21  2 0.400  0.10  0.7384143E+00  0.1418827E+01
 21  3 0.400  0.20  0.7526144E+00  0.1418827E+01
 21  4 0.400  0.30  0.7760407E+00  0.1418827E+01
 21  5 0.400  0.40  0.8082796E+00  0.1418827E+01
 21  6 0.400  0.50  0.8486464E+00  0.1418827E+01
 21  7 0.400  0.60  0.8960804E+00  0.1418827E+01
 21  8 0.400  0.70  0.9490089E+00  0.1418827E+01
 21  9 0.400  0.80  0.1005181E+01  0.1418827E+01
 21 10 0.400  0.90  0.1061474E+01  0.1418827E+01
 21 11 0.400  1.00  0.1113663E+01  0.1418827E+01

 22  1 0.420  0.00  0.7338970E+00  0.1448447E+01
 22  2 0.420  0.10  0.7384250E+00  0.1448447E+01
 22  3 0.420  0.20  0.7519478E+00  0.1448447E+01
 22  4 0.420  0.30  0.7742677E+00  0.1448447E+01
 22  5 0.420  0.40  0.8050103E+00  0.1448447E+01
 22  6 0.420  0.50  0.8435551E+00  0.1448447E+01
 22  7 0.420  0.60  0.8889412E+00  0.1448447E+01
 22  8 0.420  0.70  0.9397440E+00  0.1448447E+01
 22  9 0.420  0.80  0.9939248E+00  0.1448447E+01
 22 10 0.420  0.90  0.1048654E+01  0.1448447E+01
 22 11 0.420  1.00  0.1100106E+01  0.1448447E+01

 23  1 0.440  0.00  0.7334473E+00  0.1478377E+01
 23  2 0.440  0.10  0.7377594E+00  0.1478377E+01
 23  3 0.440  0.20  0.7506405E+00  0.1478377E+01
 23  4 0.440  0.30  0.7719136E+00  0.1478377E+01
 23  5 0.440  0.40  0.8012422E+00  0.1478377E+01
 23  6 0.440  0.50  0.8380695E+00  0.1478377E+01
 23  7 0.440  0.60  0.8815321E+00  0.1478377E+01
 23  8 0.440  0.70  0.9303499E+00  0.1478377E+01
 23  9 0.440  0.80  0.9826905E+00  0.1478377E+01
 23 10 0.440  0.90  0.1036010E+01  0.1478377E+01
 23 11 0.440  1.00  0.1086868E+01  0.1478377E+01

 24  1 0.460  0.00  0.7323975E+00  0.1508584E+01
 24  2 0.460  0.10  0.7365048E+00  0.1508584E+01
 24  3 0.460  0.20  0.7487781E+00  0.1508584E+01
 24  4 0.460  0.30  0.7690601E+00  0.1508584E+01
 24  5 0.460  0.40  0.7970521E+00  0.1508584E+01
 24  6 0.460  0.50  0.8322592E+00  0.1508584E+01
 24  7 0.460  0.60  0.8739135E+00  0.1508584E+01
 24  8 0.460  0.70  0.9208753E+00  0.1508584E+01
 24  9 0.460  0.80  0.9715123E+00  0.1508584E+01
 24 10 0.460  0.90  0.1023557E+01  0.1508584E+01
 24 11 0.460  1.00  0.1073943E+01  0.1508584E+01

 25  1 0.480  0.00  0.7308244E+00  0.1539038E+01
 25  2 0.480  0.10  0.7347376E+00  0.1539038E+01
 25  3 0.480  0.20  0.7464347E+00  0.1539038E+01
 25  4 0.480  0.30  0.7657781E+00  0.1539038E+01
 25  5 0.480  0.40  0.7925059E+00  0.1539038E+01
 25  6 0.480  0.50  0.8261837E+00  0.1539038E+01
 25  7 0.480  0.60  0.8661362E+00  0.1539038E+01
 25  8 0.480  0.70  0.9113601E+00  0.1539038E+01
 25  9 0.480  0.80  0.9604169E+00  0.1539038E+01
 25 10 0.480  0.90  0.1011307E+01  0.1539038E+01
 25 11 0.480  1.00  0.1061323E+01  0.1539038E+01

 26  1 0.500  0.00  0.7287955E+00  0.1569713E+01
 26  2 0.500  0.10  0.7325127E+00  0.1569713E+01
 26  3 0.500  0.20  0.7436236E+00  0.1569713E+01
 26  4 0.500  0.30  0.7619983E+00  0.1569713E+01
 26  5 0.500  0.40  0.7873901E+00  0.1569713E+01
 26  6 0.500  0.50  0.8193923E+00  0.1569713E+01
 26  7 0.500  0.60  0.8573757E+00  0.1569713E+01
 26  8 0.500  0.70  0.9004099E+00  0.1569713E+01
 26  9 0.500  0.80  0.9471652E+00  0.1569713E+01
 26 10 0.500  0.90  0.9957986E+00  0.1569713E+01
 26 11 0.500  1.00  0.1043821E+01  0.1569713E+01

